1
1
55
1
(32 0
((0,0) (7,31) (0,0))
((0,992) (7,1023) (0,0))
((0,960) (7,991) (0,0))
((0,928) (7,959) (0,0))
((0,896) (7,927) (0,0))
((0,864) (7,895) (0,0))
((0,832) (7,863) (0,0))
((0,800) (7,831) (0,0))
((0,768) (7,799) (0,0))
((0,736) (7,767) (0,0))
((0,704) (7,735) (0,0))
((0,672) (7,703) (0,0))
((0,640) (7,671) (0,0))
((0,608) (7,639) (0,0))
((0,576) (7,607) (0,0))
((0,544) (7,575) (0,0))
((0,512) (7,543) (0,0))
((0,480) (7,511) (0,0))
((0,448) (7,479) (0,0))
((0,416) (7,447) (0,0))
((0,384) (7,415) (0,0))
((0,352) (7,383) (0,0))
((0,320) (7,351) (0,0))
((0,288) (7,319) (0,0))
((0,256) (7,287) (0,0))
((0,224) (7,255) (0,0))
((0,192) (7,223) (0,0))
((0,160) (7,191) (0,0))
((0,128) (7,159) (0,0))
((0,96) (7,127) (0,0))
((0,64) (7,95) (0,0))
((0,32) (7,63) (0,0))
)
32
FabOnDisk: Dn_D_00000 0
FabOnDisk: Dn_D_00000 149684
FabOnDisk: Dn_D_00000 299371
FabOnDisk: Dn_D_00000 449057
FabOnDisk: Dn_D_00000 598743
FabOnDisk: Dn_D_00000 748429
FabOnDisk: Dn_D_00000 898115
FabOnDisk: Dn_D_00000 1047801
FabOnDisk: Dn_D_00000 1197487
FabOnDisk: Dn_D_00000 1347173
FabOnDisk: Dn_D_00000 1496859
FabOnDisk: Dn_D_00000 1646545
FabOnDisk: Dn_D_00000 1796231
FabOnDisk: Dn_D_00000 1945917
FabOnDisk: Dn_D_00000 2095603
FabOnDisk: Dn_D_00000 2245289
FabOnDisk: Dn_D_00000 2394975
FabOnDisk: Dn_D_00000 2544661
FabOnDisk: Dn_D_00000 2694347
FabOnDisk: Dn_D_00000 2844033
FabOnDisk: Dn_D_00000 2993719
FabOnDisk: Dn_D_00000 3143405
FabOnDisk: Dn_D_00000 3293091
FabOnDisk: Dn_D_00000 3442777
FabOnDisk: Dn_D_00000 3592463
FabOnDisk: Dn_D_00000 3742149
FabOnDisk: Dn_D_00000 3891835
FabOnDisk: Dn_D_00000 4041521
FabOnDisk: Dn_D_00000 4191207
FabOnDisk: Dn_D_00000 4340893
FabOnDisk: Dn_D_00000 4490578
FabOnDisk: Dn_D_00000 4640262

32,55
1.3668284475731073e-06,7.4533695073268845e-29,1.1336682693607858e-16,-6.2918700826164682e-07,-3.4248817723546982e-18,1.5612644557292461e-11,4.9472996081855180e-15,6.7661600987260790e-15,-3.5308892554874928e-45,-3.3480793144489927e-47,1.2664465159964391e-36,4.5862848975154722e-38,1.3395190090525409e-16,-1.8050270827904633e-07,6.4843913333329013e-13,1.8372982588977053e-15,3.0865810836446570e-36,8.1173339279581208e-17,8.4765828867367401e-39,3.6125064326841851e-28,-2.1221232344480247e-18,1.5866946628056834e-50,-2.2595471572316615e-18,1.6203027743660196e-41,1.5544012330898642e-18,-0.0000000000000000e+00,-6.8406949430898886e-19,8.3362249401871056e-37,-5.7618740314583320e-19,-4.8086322001593759e-20,-4.7914862945080955e-25,9.7867287101729694e-32,1.0263560649368163e-16,-4.4424174867338859e-18,3.8031548439799065e-38,-3.3058230616334315e-18,-1.4669220159199572e-18,-7.0068277515673604e-19,-4.5312305585908919e-19,3.9919443858838364e-47,-4.5395633856046306e-19,-1.7181390772072506e-21,-3.4744434848400254e-47,-3.9902242081981583e-19,-7.1816635136275040e-21,-4.4474150033906237e-19,-1.7965178388692563e-20,-2.4205739933582290e-06,-0.0000000000000000e+00,-5.0930489685596576e-23,-4.3555014246544361e-19,1.2041363476059416e-34,-4.0711860073914497e-18,7.4173636382915561e-02,-6.3212326509647629e-02,
2.7748155885152928e-10,-2.4897522235407899e-11,7.8538831071221609e-10,-2.0819975715246032e-08,7.9784456518373991e-09,5.5571183053710456e-08,1.2190090580022102e-12,-1.5198947536048660e-14,-4.3566620587235604e-24,-6.7769979276714644e-27,-7.9514175431331233e-25,-2.0934197015714152e-26,8.3305691592768658e-26,-4.0930961568900257e-25,1.9943598696167455e-09,-1.3356569552110576e-08,3.5615244615695057e-18,5.1406504519249276e-20,7.1930480811416265e-27,2.7770814168613890e-28,-1.5663790709552510e-26,-3.9612168425741245e-34,6.4970111482193768e-32,-2.8574514310725367e-33,-3.1850853265932756e-31,-2.4370847315002352e-31,-4.5703983758699127e-32,-2.6923423859701682e-26,5.5363401658794196e-28,-7.7074796253825286e-31,3.0785728817696762e-16,1.0271343312927647e-17,1.0312793939679287e-17,2.4340532461083761e-17,-1.8747461167827688e-16,6.0672497663034264e-12,-1.1572097262335608e-14,2.4952357019191379e-12,2.0088929475650198e-16,-3.8219502976178098e-24,7.2539426913805853e-21,-2.9172647913641743e-29,-2.3507137573305713e-29,-2.5079216392495931e-19,-1.2759990756113678e-21,2.7420816571407699e-18,1.8720092272057158e-19,-1.3209512979038961e-07,-0.0000000000000000e+00,-0.0000000000000000e+00,-0.0000000000000000e+00,-3.7079368790473307e-33,-4.0955855958602130e-33,-1.2407253230477173e-01,3.3779123628234481e-01,
7.2239778227100167e-10,3.0590444106718880e-11,2.1033234929458914e-09,-1.1277959239707098e-07,1.9954946851838868e-08,1.4656288597696896e-07,1.1433781162267437e-11,9.7454665080985991e-13,-5.5303616216540898e-24,-5.3342717897253209e-27,-6.1710276890767739e-25,-1.5225513140283393e-26,-1.1535658700920782e-24,-3.9046558613332397e-24,5.2421698535211551e-09,-5.9414845671757670e-08,1.7468129081533169e-17,1.5391577709068102e-19,3.1361338820039162e-26,9.9042525880496316e-28,-1.3896614185809323e-25,1.0841849004826183e-33,1.6151839761573508e-30,-2.8543065006330487e-33,-3.1833821046300569e-31,-2.4369373229180711e-31,-4.5749517426376345e-32,-2.0236290405442462e-26,-1.9620524843239024e-26,-2.6967213995548387e-30,8.2372105750670375e-16,1.4698046550959578e-16,2.7129869598378324e-17,6.6673953868680127e-17,2.2654439332382423e-16,1.9731495055332954e-11,4.5396771048408716e-14,7.0055721965621583e-12,7.3450304906953249e-16,2.9402791187790626e-23,2.1718060766660911e-20,3.9086137166344359e-28,-2.0014189056488284e-29,-1.6608279272997047e-18,4.1744167159556296e-21,1.1117057470142726e-17,5.4950705070474669e-19,-6.3822470714386180e-07,-0.0000000000000000e+00,-0.0000000000000000e+00,-0.0000000000000000e+00,2.4859079630935462e-33,-4.0718705896202394e-33,-1.0194663115083530e-01,1.0970835157357390e+00,
3.3890124444339186e-09,3.0266996310235363e-10,1.0006932536247488e-08,-5.2261963321856187e-07,9.5458939121754685e-08,7.1340920484615315e-07,5.7952133432042044e-11,4.8591440347006307e-12,-4.5782843826989218e-24,1.5808060263596106e-28,-7.8242042232280292e-25,-1.6681324418127435e-26,-2.2496835473322176e-23,-2.8056383864003740e-23,2.5807370581160892e-08,-2.0234562348683318e-07,8.6794575519835354e-17,7.5487158352383245e-19,1.4484495729661295e-25,1.2018613642534074e-28,-2.0790046893222568e-24,6.8598943061108586e-33,6.6730180308320183e-30,-2.8472563181168955e-33,-3.1873814815297322e-31,-2.4368001809517026e-31,-4.5851035802831292e-32,-1.3744701852112386e-25,-2.2613494195416018e-25,-2.2364004349230184e-29,4.0418726764804149e-15,7.4591351152924797e-16,1.3522722583310638e-16,3.4366509745193768e-16,2.1307543544832308e-15,1.2008094294353828e-10,2.3623152685119085e-13,3.5307928798663423e-11,3.6221889721409527e-15,1.7979211499703751e-22,1.1382107934888179e-19,2.2137714092881707e-27,-4.6131690980974441e-30,-9.5869068828383882e-18,3.5339613278072598e-20,6.8318793286433323e-17,2.9403433287455448e-18,-2.5229006970195685e-06,-0.0000000000000000e+00,-0.0000000000000000e+00,-0.0000000000000000e+00,2.6930343128715967e-32,-3.9878156285012879e-33,7.7321098317689885e-01,6.6801439403216296e+00,
1.3838418795172292e-08,1.2432354534660966e-09,4.1307735187418097e-08,-2.0073036257503219e-06,3.9673822127430262e-07,2.8154626792308747e-06,2.4621598911904937e-10,2.0085563634571212e-11,-4.3681245395771474e-24,7.0262528642785819e-27,-1.1464031183729197e-23,-3.3609543951041530e-25,-1.4958066928848165e-22,-1.4705089304901744e-22,1.1038831640833104e-07,-4.6452297702265525e-07,3.6572677050727530e-16,3.1980372933476870e-18,5.6467595779727507e-25,-4.2447705385743079e-26,-1.3183879507965937e-23,2.2771703174765203e-32,1.3248218854813064e-29,-2.8279444135342942e-33,-3.1940977292224005e-31,-2.4369643885082726e-31,-4.5766698787230735e-32,-1.2038132358522469e-24,-1.3912789759530113e-24,-1.3480745969026723e-28,1.7205490830133418e-14,3.1885322223190501e-15,5.8649768386279448e-16,1.5349602031733602e-15,8.7755876856983090e-15,5.6657936337424815e-10,9.7964987158106088e-13,1.5551965471304888e-10,1.5163811859031020e-14,8.1094435388176016e-22,5.2849393776424201e-19,9.6467873443663792e-27,-2.2903427096205411e-30,-4.4520412898330760e-17,2.4236483833174439e-19,3.6238776180872209e-16,1.3830877421133892e-17,-8.0440541898694797e-06,-0.0000000000000000e+00,-0.0000000000000000e+00,-0.0000000000000000e+00,7.7640367959875241e-32,-3.7898466006095186e-33,9.5514062702588838e+00,3.3232064984172382e+01,
4.8410912199542223e-08,4.3797118683584003e-09,1.4601764529456943e-07,-6.2045899954241290e-06,1.4067319874522683e-06,8.8563803846898292e-06,8.8209378284238468e-10,7.0662220560842524e-11,-4.1161801663543068e-24,-1.1130680885940960e-26,-4.6669341223617978e-23,-1.3984850688070690e-24,-5.4448437328550816e-22,-5.1172387697191664e-22,4.0489332622314402e-07,-5.6563910277312350e-07,1.3165156961440906e-15,1.1589935874128870e-17,1.8594473989345799e-24,-1.8415928239599223e-25,-4.7472331209120728e-23,5.3946937820508905e-32,-2.0961057425104723e-29,-2.6919619724034120e-33,-3.1278294670617195e-31,-2.3589652478656882e-31,-4.4753965333243881e-32,-4.4476330594970866e-24,-4.9332944089742867e-24,-5.4218517785398994e-28,6.2052393539293994e-14,1.1627697104502185e-14,2.1765546567389297e-15,5.8428299097343088e-15,3.0977837126392477e-14,1.8374989315994450e-09,2.9360395432365329e-12,5.9518437804539576e-10,5.3610867138678415e-14,3.1372641079977007e-21,2.1634641404180573e-18,3.6702465858325555e-26,-1.0024761359565996e-28,-1.4803420770657449e-16,1.3660765205689895e-18,1.6339087471142880e-15,5.6202084641032568e-17,-2.0568705333647093e-05,-0.0000000000000000e+00,-0.0000000000000000e+00,-0.0000000000000000e+00,1.3504517447478448e-31,-3.4298043448026872e-33,5.4133489767770591e+01,1.3043557468351722e+02,
1.4491726001797620e-07,1.3212948302685644e-08,4.4114481652495994e-07,-1.4990621817276379e-05,4.2327526375902384e-06,2.1904375074178190e-05,2.6428419034020554e-09,2.1180295882349456e-10,-4.4291248614062102e-24,-4.7986035095637768e-27,-5.6428544743917429e-23,-1.6790479645621653e-24,-7.8761103483018067e-22,-8.5068171612853156e-22,1.2699896411893287e-06,-5.0722183495111529e-07,4.0534407805354241e-15,3.5779134248765844e-17,5.5046265471329506e-24,-2.2371364688111649e-25,-6.9953556175706958e-23,1.3007141222673625e-31,-1.8857255489808298e-29,-2.4963305043952568e-33,-3.0840447824151136e-31,-2.3572200866009526e-31,-4.1909426157828240e-32,-5.5149296742743963e-24,-6.9226173829028063e-24,-1.0458879164756803e-27,1.8721162518886718e-13,3.6248122215341780e-14,6.8775913164787801e-15,1.8849644607372556e-14,9.3494022980415211e-14,-8.1973986468715395e-09,-1.1070191981072387e-11,1.9848179517815662e-09,1.5842392049272492e-13,1.0496662012470990e-20,7.9032982958967562e-18,1.2357828197412100e-25,-8.0488765582442726e-29,-2.6766790887409605e-16,6.4574892123914246e-18,6.2313374923941420e-15,1.9606557258143518e-16,-4.1743137194965434e-05,-0.0000000000000000e+00,-0.0000000000000000e+00,-0.0000000000000000e+00,2.6170693059950292e-31,-2.4372296496548560e-33,1.9482774583221607e+02,3.8968355553887625e+02,
3.7421849920133950e-07,3.4411304898790075e-08,1.1473857746809341e-06,-2.7786234953677097e-05,1.0861465263009219e-05,4.1946545466488344e-05,6.6227684648224932e-09,5.4573415110194945e-10,-3.9068391005693580e-24,4.3999524680992483e-25,6.2627247946476379e-24,3.0519159421579743e-25,-6.2571397369681709e-22,-8.2669725997898592e-22,3.4270618674135503e-06,-2.5429040274471471e-06,1.0758333711316453e-14,9.4645275543718048e-17,1.6493547971651779e-23,2.4958412546570057e-26,-5.8445329092981928e-23,7.0218097438562194e-31,5.7463374999211280e-28,-1.7487770341770251e-33,-2.7584986687568685e-31,-2.3469960716690797e-31,-3.4052672067117406e-32,-1.0428177455799367e-24,-5.0922800559121088e-24,-1.0392474047489013e-27,4.7174978569949575e-13,9.7404282488656713e-14,1.8615669723398874e-14,5.1849964725411410e-14,2.4312472433947253e-13,-6.7794709471308530e-08,-9.2868050886044100e-11,5.8100719828623465e-09,3.9070495156546442e-13,3.0746431958847937e-20,2.6135490350676529e-17,3.7516425738963719e-25,1.2103319389266225e-27,-2.6771228665472592e-16,2.5894020222887546e-17,2.0220641756560238e-14,5.8973107692003718e-16,-6.5140307782996697e-05,-0.0000000000000000e+00,-0.0000000000000000e+00,-0.0000000000000000e+00,2.5303089126356846e-30,8.6957408674164625e-33,4.6503894764514007e+02,8.4509176296497810e+02,
8.5110800420268769e-07,7.8975232866064400e-08,2.6220495273629030e-06,-4.0331245525214123e-05,2.4271303806201278e-05,6.0862900491242975e-05,1.4175997710668703e-08,1.2352872945191920e-09,-4.0675087255837877e-24,3.9112432790171968e-24,8.4167260028787946e-22,2.6378120829163295e-23,3.9652037822251228e-21,1.7423311183967534e-21,8.0964232960914786e-06,-2.3684159728770319e-05,2.5109984252727649e-14,2.1887062678031658e-16,5.0933281147916111e-23,3.4047167779708855e-24,3.1081400237489946e-22,4.0558678252654102e-30,5.4863669474163863e-27,-7.5246361661649372e-34,-1.3885250381342780e-30,-2.1917794347140441e-31,-5.1082450390233169e-31,6.4420152821911869e-23,4.0212155567901221e-23,2.3243473730062064e-27,1.0128450315112213e-12,2.3015823566751958e-13,4.4031624822313745e-14,1.2406845909151006e-13,5.5615399492291746e-13,-2.3124040475974351e-07,-3.0988048352395561e-10,1.5045769695285566e-08,8.2497661277895793e-13,7.9951197269148648e-20,7.7495574939562060e-17,1.0329429557133018e-24,1.1804735266187300e-26,2.0741711668487333e-16,8.6866606211544388e-17,5.6324532184087834e-14,1.5463912956686975e-15,-7.2887763112128211e-05,-0.0000000000000000e+00,-0.0000000000000000e+00,-0.0000000000000000e+00,1.7541317358177948e-29,6.2415099215371691e-32,6.1406546442238334e+02,8.7207207170956963e+02,
1.7621508684606560e-06,1.6503091228088848e-07,5.4437138447935622e-06,-5.1369636099416320e-05,4.9094143858384360e-05,3.3486495294110410e-05,2.7293442378622087e-08,2.5433280647711035e-09,-3.5378534340650639e-24,1.6022551756029361e-23,3.9816909028157706e-21,1.2423150721205126e-22,2.2846676700590421e-20,1.3579835049269461e-20,1.7240330507476626e-05,-8.0818678783886477e-05,5.3258093059338958e-14,4.5844294079130388e-16,1.4163261941269846e-22,1.6169122258703677e-23,1.8498341086099634e-21,1.5496189224533315e-29,2.3350825423021950e-26,-9.8175579179025731e-32,-6.4975768683345465e-30,-5.1436653034546197e-30,-1.7826675968562528e-31,3.1281472852707490e-22,2.2520242075637454e-22,2.2338200041877549e-26,1.9490139209124129e-12,4.9366691532615293e-13,9.4093646853770090e-14,2.6690053699405295e-13,1.1577433515325611e-12,-5.0165766610904539e-07,-6.4164804799625159e-10,3.4765435089296791e-08,1.5989618926939088e-12,1.8642851450035588e-19,1.9999407462218851e-16,2.5486188578464502e-24,4.9028670158414415e-26,2.6123121165909952e-15,2.3841532682921805e-16,1.3587212055453221e-13,3.5860343839077357e-15,-7.1167874654691371e-05,-0.0000000000000000e+00,-0.0000000000000000e+00,-0.0000000000000000e+00,6.8909613704500957e-29,2.3668609749264954e-31,1.4973237094454632e+02,-5.8898946150650636e+02,
3.4452508901265220e-06,3.2583488704997525e-07,1.0663049939399754e-05,-6.7543016520813106e-05,9.4042914809270889e-05,-5.4900544168342534e-05,5.0800578768350817e-08,4.9515320628732845e-09,-1.3257016788774360e-24,4.1138640171855364e-23,1.0478508006038450e-20,3.2681606434504940e-22,6.2209894261422156e-20,3.8534329952644526e-20,3.4246065657665018e-05,-1.5139523788341652e-04,1.0677578511011964e-13,9.0766569555039812e-16,3.2174853694083871e-22,4.2543181887939287e-23,5.0694793762209147e-21,4.0277382033120833e-29,6.2102204104779423e-26,-7.0965300091474746e-32,-4.9206900793321291e-30,-3.8090152615072584e-30,-4.5179200218330015e-31,8.2757135900056557e-22,6.1415062590479299e-22,7.7002222640343380e-26,3.6059241489374906e-12,9.9725916715668319e-13,1.8866121387371538e-13,5.3526953387589680e-13,2.2798235267025807e-12,-7.5614664052114437e-07,-8.6229373953238419e-10,7.2665436857663134e-08,3.1290460800167685e-12,3.9413549652662260e-19,4.4275255307841301e-16,5.6146617490748890e-24,1.2619949758032230e-25,7.5907679452812136e-15,5.3119369876197519e-16,2.8666834032250174e-13,7.4714730374493241e-15,-3.9258161036186321e-05,-0.0000000000000000e+00,-0.0000000000000000e+00,-0.0000000000000000e+00,1.7777729241818562e-28,5.8858622722682251e-31,-1.1685318759602954e+02,-2.6186008294759686e+03,
6.5446052826525943e-06,6.2692957919582811e-07,2.0293963238109342e-05,-8.9112020906056627e-05,1.7589484266260802e-04,-2.5088397544638326e-04,9.6150508585164745e-08,9.3888325127157944e-09,1.3741409125742609e-24,7.9983658856763621e-23,1.9988293730343489e-20,6.2306971758446117e-22,1.1614586820536171e-19,7.1035713580514997e-20,6.5376419986812383e-05,-1.6785608378262521e-04,2.0988858913628255e-13,1.7608501284809899e-15,6.2748067631075798e-22,8.0877337538452501e-23,9.4886518682002786e-21,8.1511253446515467e-29,1.2422320370830430e-25,-1.7079076284077769e-31,-1.6312695875624626e-29,-1.2735670933964199e-29,-4.8083203082699932e-31,1.5614263057249302e-21,1.1554347262342860e-21,1.8624186618306356e-25,6.7199552586488014e-12,1.9624309393182911e-12,3.6603760755335695e-13,1.0288488427414967e-12,4.3828923426881752e-12,-8.3293563435353343e-07,-8.6498445643092313e-10,1.4061649000347336e-07,6.4390910696177599e-12,7.7663989524089370e-19,8.6679170622810735e-16,1.1456216626034126e-23,2.4569746685646710e-25,1.3576731896594444e-14,9.8310605628731473e-16,5.3806935050513521e-13,1.4289842192217450e-14,7.9744974823377294e-06,-0.0000000000000000e+00,-2.4238098329627123e-39,-0.0000000000000000e+00,3.5220580081746816e-28,1.1349918141648034e-30,-1.1648413485508367e+02,-4.6830369393327292e+03,
1.2310308192191244e-05,1.2041838556682819e-06,3.8240726874842888e-05,-1.0620499272852467e-04,3.2446623236965084e-04,-6.0982304528720314e-04,1.8664174192944263e-07,1.7656755671490926e-08,6.8885087694091627e-24,1.3992491332602797e-22,3.3320563293643590e-20,1.0383112062623807e-21,1.8397955245515583e-19,1.0624440774581901e-19,1.2262819981358655e-04,-1.5586297356990641e-04,4.1810528737917330e-13,3.4380068456585255e-15,1.1552385808520719e-21,1.3279728968853502e-22,1.5049277776581763e-20,2.1907878097396599e-28,3.3467011811238096e-25,4.8554742530354187e-32,-7.4225759849858697e-30,-9.9361640706384879e-30,-1.1969756244967485e-30,2.5689144175546553e-21,1.8435643462967213e-21,1.9799986922930578e-24,1.2639774263027841e-11,3.8796590514596942e-12,7.0330277854594711e-13,1.9295465683915188e-12,8.4188182074334485e-12,-8.2809165535630522e-07,-6.3439318794288946e-10,2.5952935065556726e-07,1.3505757034985155e-11,1.5035437382783472e-18,1.6227768001114159e-15,2.3506628105217856e-23,4.2920481884384831e-25,1.8914618901142785e-14,1.6144269803222576e-15,9.2378114194515913e-13,2.5913187601140337e-14,-1.1516502025295860e-04,-0.0000000000000000e+00,-1.0414922472860811e-37,-4.1547910905668820e-40,6.4556887159352307e-28,2.2193089481638912e-30,-5.5648611259240670e+02,-8.1746249588945884e+03,
2.3361779106508569e-05,2.3702519866385393e-06,7.2638829105446846e-05,-1.2933756516188196e-04,5.9350677734924123e-04,-1.1474472233328908e-03,3.7303103263977493e-07,3.3496629426195589e-08,1.6103721311356295e-23,-1.5905020438403710e-21,-4.4125809749179685e-19,-3.6483127317030736e-20,-3.9048654328707161e-17,-2.4780706819289208e-17,2.3065886582580055e-04,-1.1676365726154797e-04,8.7727895255415730e-13,6.9628296000393867e-15,-5.7681489380039550e-20,-2.0203348139726190e-20,-2.2956392361331404e-18,4.3818401885062050e-27,7.0211089995399326e-24,-5.5270275135372846e-27,-5.7345521343008083e-25,-5.8412800191026408e-26,-3.3479324641971981e-25,5.3130019426136608e-21,3.6716724175413602e-21,9.2337145303615843e-23,2.3879477472943573e-11,7.9787045371238446e-12,1.3702056414739695e-12,3.5833504721020999e-12,1.6568631655467820e-11,-7.1942111918315923e-07,1.4246665566583005e-10,4.6787373612115998e-07,2.8317071957571398e-11,3.0867685345453927e-18,3.2895163083644185e-15,5.4483284642622661e-23,-4.9567555086039529e-24,3.4337426016728456e-14,2.6823004398773224e-15,1.5000388622495350e-12,4.6447364195889986e-14,-3.0536918173110656e-04,-0.0000000000000000e+00,-1.4147613842526430e-34,-4.9005786492930907e-36,1.1882307068850154e-27,-1.3651051350781512e-26,-2.3471474069891433e+03,-1.6424543504620135e+04,
4.5806194383158402e-05,4.9462084384032068e-06,1.4242585642255682e-04,-1.2591423390170213e-04,1.0885051331784147e-03,-1.9072205658182935e-03,7.8758249533471948e-07,6.5458097229401110e-08,3.8255444228651478e-23,-1.3334663849005846e-22,-1.1498604939762451e-19,-2.3550754122151765e-20,-3.1357250441303146e-17,-1.3701512851225923e-16,4.4549596339786064e-04,-7.8499708208407961e-04,2.0398182039995449e-12,1.5258970596495935e-14,-4.2299922732107573e-20,-1.4283785914676106e-20,-1.1643524120583312e-18,7.9032846554908661e-26,1.2103578333971484e-22,-3.7152784405123126e-27,-4.8603453070184985e-25,-2.3959369745812080e-26,-1.5905807324128254e-25,1.6152054287489180e-20,1.0921468548521732e-20,1.5646820059683868e-21,4.6060268131241762e-11,1.7775848333563819e-11,2.7758553366584314e-12,6.6514267930251103e-12,3.4553345938046653e-11,-8.7655981366393610e-07,1.2678674600244549e-09,8.2773491133807778e-07,6.1129693763132932e-11,7.2110853264417002e-18,7.8993982323108490e-15,1.5649463801844365e-22,-3.8761918229931160e-25,1.0125122607705658e-13,4.9821753053384498e-15,2.3532047486546299e-12,8.5485603723448142e-14,-4.6075223783244074e-04,-0.0000000000000000e+00,-1.4705748864411678e-34,-3.7126482184338660e-36,4.8587678127964449e-27,-2.2958807558347793e-26,-3.6768995179531980e+03,-3.4168163821444927e+04,
9.5328223132251262e-05,1.1397754873704304e-05,2.9639191730535512e-04,-1.1394628699888379e-04,2.0250550327821962e-03,-3.3084596542744499e-03,1.8097321407358172e-06,1.3422502271227533e-07,9.7388987919670204e-23,2.8036385819824421e-21,5.2586078537593201e-19,1.6356233144692049e-20,2.1341899388973742e-18,3.7373968721887592e-19,9.0805580931478756e-04,-2.6591818854655655e-03,5.5966108245555516e-12,3.8168427073903433e-14,1.9086981637692409e-20,1.9676942831513412e-21,1.7900553556445068e-19,-4.5152514766654610e-25,-7.5198073428566915e-22,-1.9344667680828200e-28,-6.6601483811967556e-29,-9.5885829215327897e-30,-1.9313697208307747e-28,3.3514988314155536e-20,1.8444107388089878e-20,-9.6119411817798532e-21,9.3191684769144438e-11,4.4685824501651634e-11,5.9530747069558560e-12,1.2212714810984260e-11,7.9532891232435352e-11,-1.6386588055903824e-06,2.5080595658264178e-10,1.4027599153849228e-06,1.4300942156099976e-10,1.9925268819998077e-17,2.2329913003389383e-14,5.8222938242618550e-22,8.6304083285553211e-24,-4.3563146787435567e-14,1.0176644192969103e-14,3.4927920999347276e-12,1.6423428512293308e-13,-7.4240681993262237e-04,-0.0000000000000000e+00,-0.0000000000000000e+00,-0.0000000000000000e+00,1.4697374397584675e-26,8.1285246237503396e-29,-4.1147012901171320e+03,-7.2575564978991766e+04,
2.1774697872951407e-04,3.0503368715912653e-05,6.7773664479045894e-04,5.6859153602201710e-05,3.8681757395145427e-03,-7.0912915354528492e-03,4.6074916642225975e-06,2.9252061089793742e-07,3.0334792117648854e-22,-8.1596629547207301e-20,-1.7752587579520860e-17,-4.7649255116409113e-19,-3.0631002716459854e-17,3.1457745992226044e-19,2.0239091369712837e-03,-7.0980839358522818e-03,1.9588628011094809e-11,1.1623177142277996e-13,3.3085716471166757e-20,-1.2418843593740004e-20,-1.2757655010317007e-18,-7.7829602218131491e-25,-9.2051265080722891e-22,-6.3811994132894351e-28,-5.6224412380938150e-26,-2.5524768698241855e-28,-1.4478431443602064e-27,4.4791775276737051e-20,1.9362711386562752e-20,-1.0196627985473663e-20,2.0335324814848183e-10,1.3140017815436063e-10,1.3541167014479617e-11,2.1091942221626096e-11,2.1242208970504746e-10,-3.6501184798501359e-06,-1.6291343337397264e-08,2.1181770799471504e-06,3.7894627793921691e-10,7.7972050072715486e-17,9.8738346417133124e-14,3.5732710030671825e-21,-2.4748175228728228e-22,-4.5161523302271958e-14,3.3307643253073597e-14,4.9649055407150813e-12,3.3873220820735028e-13,-1.8408109018768516e-03,-0.0000000000000000e+00,-0.0000000000000000e+00,-0.0000000000000000e+00,4.2027760676699898e-26,1.0016140430160347e-28,-1.1501803372984175e+04,-1.7485372413523745e+05,
5.7344355815535167e-04,1.0150404591568354e-04,1.7915603433717390e-03,1.0839626096150880e-03,7.7744719385949056e-03,-2.0181203033031260e-02,1.3216761450154078e-05,6.8770967669938690e-07,1.3594887419435510e-21,4.6242459281223363e-20,5.6622993910427180e-18,1.7197473058842385e-19,-1.5606247222576879e-16,-6.3090886455549595e-16,5.1819333957555192e-03,-2.1851874112737500e-02,9.6746597707380467e-11,4.6704119733767485e-13,3.9455666373445971e-19,-4.9045711824063729e-19,-8.3803869795437613e-17,-1.1960765904698524e-24,3.6871891032458369e-22,-7.8138481364823706e-22,-1.2249211691821036e-22,-0.0000000000000000e+00,-0.0000000000000000e+00,2.3652391736261504e-19,1.1638097199786855e-19,4.5403813395054929e-21,4.9441304348039257e-10,4.6336033357431522e-10,3.1627035632473295e-11,1.0872264411755512e-11,7.0401089414967786e-10,-9.8719470689200281e-06,-7.6689771668198018e-08,-8.1881692685582450e-07,1.1641931363011829e-09,6.0662239159196770e-16,8.8238977567107654e-13,5.1496515649202317e-20,1.4428458280873390e-22,4.3075599367854342e-13,1.9400914057113820e-13,1.0181457448997945e-11,8.5032569259029007e-13,-5.2545967122605841e-03,-0.0000000000000000e+00,-0.0000000000000000e+00,-0.0000000000000000e+00,-1.5376370759172786e-22,2.0634438741290495e-24,-5.3544142423647529e+04,-5.3846736704443081e+05,
1.8789851218362704e-03,4.6553002514220702e-04,5.9344632905581427e-03,7.2209695715392871e-03,1.7233870801919828e-02,-8.3751383195394533e-02,4.5669536100204247e-05,1.6623548341765882e-06,-1.7026995435529027e-16,-6.9133664435775897e-16,-9.7511023743131350e-14,-3.5296805916613852e-16,-1.1121632997011664e-14,-0.0000000000000000e+00,1.6362740671702139e-02,-9.6946661553848221e-02,7.8179040275623618e-10,2.7838231013228443e-12,-6.2776505316974631e-16,-5.5018374066499107e-17,-3.0499682704528259e-15,-7.9607312139984345e-18,-6.0482948195857907e-15,-0.0000000000000000e+00,-0.0000000000000000e+00,-0.0000000000000000e+00,-0.0000000000000000e+00,-6.6695600154955816e-15,-5.0191419610945060e-15,-7.9566717509057502e-16,1.3840962641860156e-09,1.9874082499077943e-09,6.8346234630671113e-11,-4.0087166803496150e-11,3.1988323922410319e-09,-3.4449898396418051e-05,-1.6543007928465089e-07,-1.1446007489736367e-05,4.0785681192813800e-09,1.4619704604814830e-14,1.9414846400552011e-11,2.5654065198098163e-18,-2.9421750420302405e-18,3.2239967217504409e-12,2.2014412185724781e-12,9.4368689386505640e-11,5.1741319037632273e-12,-1.7881289409454413e-02,-0.0000000000000000e+00,-0.0000000000000000e+00,-0.0000000000000000e+00,-0.0000000000000000e+00,-1.9636957134122055e-15,-3.7368815364179877e+05,-2.4811155503079426e+06,
8.4661749091223086e-03,3.4818887834289114e-03,2.7767157501482443e-02,5.3106037401864883e-02,-6.3085173883462811e-02,-3.4152293705453091e-01,1.8656094386735448e-04,5.5592816058469698e-06,-1.3073592656293941e-12,-0.0000000000000000e+00,-0.0000000000000000e+00,-0.0000000000000000e+00,-0.0000000000000000e+00,-0.0000000000000000e+00,7.3847602629634509e-02,-2.1348835046203978e+00,1.3485265125257963e-08,-1.5114813302305375e-07,-0.0000000000000000e+00,-0.0000000000000000e+00,-0.0000000000000000e+00,-0.0000000000000000e+00,-0.0000000000000000e+00,-0.0000000000000000e+00,-0.0000000000000000e+00,-0.0000000000000000e+00,-0.0000000000000000e+00,-1.3614901112611339e-09,-5.6900511371039982e-10,-1.8901850424003101e-14,-2.6074139451663273e-07,-8.2162299074109789e-07,-6.0423200959488522e-09,-5.9503678586470973e-09,-4.4272516372661489e-08,-2.0183810533763854e-04,-1.7314820711939132e-07,-1.7023995939953290e-05,-8.6119966763727537e-07,2.0145835992746847e-12,1.9350253636851179e-09,-9.0535090849077682e-10,-0.0000000000000000e+00,7.5265193111839148e-11,8.3969930150206209e-11,4.0511162117234712e-09,2.4830653135942191e-10,-1.7277902426619607e-01,-0.0000000000000000e+00,-0.0000000000000000e+00,-0.0000000000000000e+00,-0.0000000000000000e+00,-0.0000000000000000e+00,-1.7615207521830001e+06,-2.4448751856886927e+07,
-2.1106847129881467e+00,-5.6730221402050696e-01,-4.2763421450853087e+00,-4.4591765496723902e+01,-5.3976731830279334e+00,-5.7079395106024926e+01,-7.0973587230111290e-01,-1.2618723142810997e-01,-9.2411909041011933e-05,-2.4708275039381734e-03,-6.4113264902830966e-02,-5.6577927502581508e-03,-3.1433291510906201e+00,-1.2675507293559148e+01,-4.8143128078995694e+01,-2.3859608800440160e+01,-1.0809138817260537e-01,-1.4589974676777679e+00,-1.2035554039752741e-02,-4.9377262190859326e-02,-2.8073262382396080e-01,-5.3223351746481079e-05,-5.9028612975795182e-02,-1.2703032022633348e-02,-8.2126876827309625e-01,-9.9412476124864674e-02,-1.7571574060734731e+00,-2.6039492112860867e-02,-3.3905253435840810e-01,-3.9196731587546691e-04,-2.3316275536975480e-05,-7.2615112981695666e-06,-6.9563562831228443e-06,-4.6060442811954931e-06,-3.3120930346519100e-06,-7.9459154473538341e-04,-7.1425700779990356e-04,-1.5251176806630186e-04,-3.6192257292727896e-06,-5.6549618526008311e-07,-5.3647257399325014e-04,-6.8579258675558575e-07,-1.8864024079135483e-05,-5.2022045718247640e-05,-2.2826301551217383e-06,-2.5001093387031403e-04,-2.1560321572622995e-05,-1.1755643700692577e+00,-0.0000000000000000e+00,-5.0948226279369112e-04,-4.8963616597049717e-02,-5.1249497799835588e-03,-2.0033222928692387e-01,-2.2761644116385561e+08,-9.3099588413771021e+08,
7.4788743912449687e-03,-1.1141728131614976e-08,-1.5120551225454983e-06,-1.9488830247986929e+01,2.4923315927387793e-11,2.0166114576163690e-03,1.5273392044052425e-06,2.1669804722120111e-06,-4.4440765729382498e-15,-4.6322243143066675e-08,-1.0856396446193651e-07,-1.6450181485046792e-10,1.9254161450094157e-08,-6.7437584722142256e+00,1.9625471463239138e-04,1.2956820961517430e-05,-4.6041297366411275e-10,7.3740697312845087e-07,2.8164374780733090e-21,2.0669518379011456e-11,6.2949803252897957e-08,-1.5840899663174152e-06,4.6464700915465351e-09,-3.7249839908049908e-14,1.3067734692723417e-07,9.4327177822003909e-18,1.0705331671854117e-07,-1.0020209381559324e-09,1.9134273975246948e-09,3.7684568502504197e-13,-3.7707619304590696e-12,9.0736511070403349e-18,2.7404270823279732e-10,4.1844092717131067e-11,-5.0952259183819265e-17,1.5510867395751369e-09,3.3360952054919741e-09,5.0864016095076202e-11,5.1269224987453439e-12,-2.4019842565468464e-11,2.9418225196567740e-11,7.7304354385653534e-15,-3.7553335628345448e-08,2.6861050047354322e-12,2.7846986927214258e-14,2.5127677418362555e-11,7.2366492035305538e-14,-8.0629413642749581e-01,-0.0000000000000000e+00,1.0173662063649460e-15,3.4535147718047380e-11,-3.3874666295041050e-11,8.9915135071343372e-10,-1.7472745548410085e+06,2.4697497528919594e+04,
4.4200908338784442e-04,1.1297796359670101e-21,1.3056460008033153e-12,-2.0850740891659330e-03,7.6102171232727375e-16,8.5413015884590483e-07,4.3465710744992984e-10,6.2031252584109418e-10,-5.1464786060727182e-39,-1.2055900208433654e-28,5.0699812605186708e-27,1.6120592069152930e-28,7.0082429789494964e-12,-9.6923518114181676e-04,5.7579689494017752e-08,1.1540394234249415e-09,1.8821922494819444e-25,6.2549535857093418e-11,4.5154319935746143e-28,-1.2074169276694004e-18,4.9893897999709755e-12,-1.0130829694542550e-33,5.2221551544453862e-13,7.6342884313932910e-31,1.2550215928054667e-11,4.6569927280221506e-25,7.4379728094779971e-12,8.5748211137960787e-27,9.3199573687773383e-14,1.7664578686514097e-17,-1.9480411048597564e-18,5.1829795827729073e-23,7.5256059500380388e-13,1.5914066606297974e-14,5.7649046755627008e-31,4.1685948942876720e-13,4.5117780095615197e-13,4.3663374048434241e-15,1.4351767395277782e-15,-5.0823620298987375e-34,2.3679984741324523e-15,-4.4018534998850428e-20,-4.0360117881158484e-29,2.3532067254062542e-16,-6.9804642955723815e-19,2.2080413092679943e-15,-1.4130465659237470e-18,-5.3983983158380671e-03,-0.0000000000000000e+00,-1.7562544035583415e-19,9.7391922427961873e-16,6.4190398412103907e-24,4.0818012806462703e-14,2.6788493936595213e+01,1.0360328149476508e+01,
4.4100019330201042e-05,6.3570155271054676e-24,3.0380358191207335e-14,-8.8945065706305356e-05,1.7517419513935032e-17,1.8740938149745174e-08,8.9487422117125380e-12,1.2701265276838386e-11,-1.2406405701628390e-40,-3.1473444416400191e-42,7.2838010310054722e-30,2.5525650062336357e-31,1.5640600584772224e-13,-1.7556158895461847e-05,1.1838179204040974e-09,1.9058640037572033e-11,2.3183356571422801e-28,1.0226319170591091e-12,5.4437260691166581e-31,-1.5466031906004712e-18,8.0444753300158878e-14,1.7349541277633258e-43,9.0120832079823428e-15,9.4344764694988102e-34,2.1015829550620277e-13,2.0771999269432915e-27,1.1693739161413059e-13,1.0946144455058699e-29,1.3613258997182020e-15,-2.3943208729440367e-18,7.0179845853846695e-21,1.0748870004820287e-25,2.3658085126208352e-14,3.4212448441258435e-16,3.2438405622359934e-33,8.5145435278000964e-15,8.0550910155164707e-15,7.1619006653077982e-17,2.9359075912171591e-17,3.4564410582836054e-43,3.8265930225376214e-17,-1.7044085415456241e-19,-9.2426462694480364e-43,3.8731678810912091e-18,-1.7226864672780047e-19,3.6342388521970934e-17,-9.9418582266352072e-20,-3.0140999476948373e-04,-0.0000000000000000e+00,-1.9152652530307295e-19,1.2677240004290334e-17,7.9739223306549118e-27,5.9216381721263241e-16,2.8941972443473536e+00,8.8853861096751585e-02,
6.8341375098078957e-06,1.6429622842594428e-25,2.1014447237539445e-15,-8.9342792331051792e-06,1.2107789537630460e-18,8.0715742709341808e-10,3.3207181628907649e-13,4.6485731395010463e-13,-6.6887307856265908e-43,-8.9991081505123209e-45,6.6810282217674611e-32,2.6857799643890088e-33,6.8184840841401483e-15,-1.8522358322315979e-06,4.3775990698879104e-11,3.5527949060756926e-13,1.5259536653610999e-30,1.8330397763926142e-14,3.4155591139488573e-33,1.0565316938074045e-22,1.3638340262224417e-15,1.2328421983405406e-45,1.9759794324312871e-16,6.3264465282966477e-36,4.1288532799472010e-15,4.1863167347930385e-30,1.7769774471251712e-15,7.7806925993755923e-32,1.4767007154301994e-17,-1.5294847842002094e-19,5.5664130257047835e-23,1.6265325837608952e-27,1.7681582469014512e-15,1.4071808383627904e-17,8.3836902775950275e-35,3.0980002086285075e-16,1.9832033902935320e-16,1.3001760455345217e-18,1.0729189728895759e-18,3.3202070375150963e-44,6.5469828878812542e-19,1.2409405645771063e-20,-7.5464149090616912e-45,7.1263631105767191e-20,-1.6796103579902659e-19,6.6867514338835614e-19,-1.2884913721678934e-19,-3.0734843719661825e-05,-0.0000000000000000e+00,7.0337991116924175e-22,7.0164184543587602e-20,5.3640169634829350e-29,6.2049725640053921e-18,3.9640400771834172e-01,-1.0842132495032815e-01,
4.9830803389856080e-07,5.2290563446543725e-27,6.2360064645308058e-18,-1.4054899936654822e-06,3.5899362694006516e-21,1.9314180296288666e-13,4.1373231360390926e-17,5.4628936970934737e-17,-2.5349860176148433e-45,-3.7062827293976051e-49,1.1857383860743362e-34,4.5583158465616651e-36,1.7485591383778747e-18,-2.7011495502019570e-07,5.3757583887345258e-15,2.9966367914110734e-18,3.0745552772574901e-33,1.3414003878913128e-19,7.0434986772692960e-36,2.0706769255026376e-26,8.1637018581219762e-21,2.3918860040633268e-48,3.0301144733286196e-21,1.2515747547898551e-38,4.2177689280221124e-20,9.4615389360338691e-32,7.1605340548535672e-21,1.5110404504611764e-34,1.7686310243020350e-23,-1.1926789628337300e-19,8.2124036309350578e-25,4.9568171350268107e-30,6.2543313994200843e-18,2.8463088917680815e-21,2.6682815052745195e-36,3.5509178339730543e-20,4.7152189932604540e-21,9.9620610830656261e-24,1.2533128828179330e-22,5.2283840604484701e-45,4.0497871694521785e-24,1.7008230004370014e-21,-2.9322039009447648e-49,5.7321752878516574e-25,7.3521796180092397e-21,5.3853417630352902e-24,1.8464586305730939e-20,-4.7350670143966831e-06,-0.0000000000000000e+00,3.5431653032700178e-23,-9.1932440258274614e-27,1.0690125833524112e-31,6.3319317047864546e-24,2.6156852336922411e-02,-1.0138421105177721e-01,
8.3619827476384682e-09,8.3859876669015864e-29,3.8975491021770855e-22,-9.9174709539707996e-08,2.6065133852693613e-25,-3.1853379289455027e-19,-3.4368863197722630e-22,-5.2262213312506781e-22,-1.5031606401933754e-45,-8.4862552138735778e-51,7.6437766564010587e-39,2.9732354684071330e-40,1.6349005417767977e-24,-1.8288342998594589e-08,-4.6783463806830945e-20,-4.9270166787058938e-21,1.9151839252069002e-37,-2.8550946401040898e-22,4.4538316135631082e-40,-2.6029819693892557e-31,-2.4687855222149838e-23,1.7296671925006536e-52,-1.7220197849252189e-24,9.0709486271720381e-43,-4.9934959700522874e-23,5.8685367642113357e-37,-4.2994270774789201e-23,9.4059263976039690e-39,-7.8888504281702878e-25,8.9133691972134635e-25,4.7972959308929761e-27,1.2280838168404407e-33,5.2159143372308091e-22,8.7720107201925552e-25,4.2800684530041564e-38,-3.5172323863277594e-25,-1.2515197168690033e-24,-1.9507411330288063e-26,-1.2130921355724122e-27,5.4269782189440561e-49,-1.1520598840501505e-26,1.2521518821829425e-25,-6.0088090901915879e-51,-1.0248851406452498e-27,7.3311790652001231e-25,-9.3860267838706130e-27,1.9226114516268800e-24,-3.3160908977109842e-07,-0.0000000000000000e+00,1.2768923721884924e-28,-1.3795196662305043e-26,6.5241510642684631e-36,-3.5676318774398105e-25,4.3473188120300455e-04,-7.3832622356775652e-04,
-5.1604034484922792e-10,-5.1957536748813396e-30,-2.3571493832511723e-25,-1.5875887852549368e-09,-2.3189412810396463e-27,-3.3259347006337341e-19,-2.1750503734791724e-22,-3.1428274755758557e-22,-1.7256829349391014e-45,-8.2392398103038100e-51,-4.4981694250218840e-41,-2.0668356263833606e-42,-1.4580144718160563e-24,-2.9286303865740129e-10,-2.9125931941463410e-20,-4.9087862613457357e-22,-3.6171586919467875e-40,-2.6379137750806774e-23,-4.6303726976559484e-43,-4.4698204487848664e-31,-2.0667243723486087e-24,-1.5203106570658755e-54,-2.3253650878982060e-25,-7.9211432211020831e-45,-5.4288324783099607e-24,-1.1456340085152370e-38,-2.9974822134064125e-24,-1.2899991668114974e-41,-3.4529675744454233e-26,-1.9921477041773071e-28,3.3905237607813946e-31,-5.3780941751697616e-35,-1.1698683355720621e-25,-4.4332557265534867e-26,-2.6411948724888435e-39,-2.0988648180001583e-25,-2.0832859140211460e-25,-1.8459687805449142e-27,-7.2576042729243207e-28,-7.3413444857816618e-52,-9.8410141309166744e-28,-6.0449625766030056e-30,-5.0780632117329855e-51,-9.9937156991751899e-29,-2.3930260625181617e-29,-9.3309874923427230e-28,-5.9328452694996235e-29,-5.3008493132343883e-09,-0.0000000000000000e+00,-2.4132505485608770e-31,-3.0971444965086491e-28,-8.3411838544635876e-38,-1.4972013452315234e-26,-3.0914267095602460e-05,-1.9954762604454858e-05,
-6.9484918192352444e-08,-6.9750502962823851e-28,-1.8700756664057446e-20,1.3444495064997415e-10,-1.1060046623304329e-23,-2.9830287239499523e-17,-1.1590322151974867e-21,-1.0609988204024921e-21,-1.5522153968612914e-45,-7.2987684486158757e-51,-3.4499315662409579e-37,-1.3142472489840052e-38,-5.0247312745197843e-22,2.4956761596898304e-11,-1.3456707199753537e-19,4.1648901002380244e-23,-9.1935973533927839e-36,2.2084690976673281e-24,-2.1145219636820942e-38,-3.8850873901365161e-30,1.7286364174170824e-25,-7.3483751017733273e-51,1.9794811193502341e-26,-3.8474908941292364e-41,4.6570197565497592e-25,-9.5871760390580787e-36,2.5219186645635862e-25,-4.5176086462502324e-37,2.8437008701599107e-27,-5.1561093471659542e-28,-7.8713840271070268e-33,-2.2727148736857200e-32,-2.3160632917061780e-20,-1.0899851131780352e-23,-3.5590933808213288e-37,-5.7820196858017781e-25,1.7782470457428289e-26,1.5645498365279073e-28,-2.4175773433869414e-27,-7.1315931831757076e-50,8.2263830805341802e-29,-1.8825233537205163e-29,-5.8213534131107257e-51,-3.4651189943393136e-25,-7.9151824603107472e-29,7.9438202957569885e-29,-1.8840195585866068e-28,4.5857984965541552e-10,-0.0000000000000000e+00,-5.2473564622669911e-31,2.5139294559515405e-29,-3.1707214935639153e-34,1.2467098321252249e-27,-3.7333807711705217e-03,-1.0576024150537026e-04,
-1.4027474215531022e-06,-1.6170569977239014e-26,-6.2227300918170598e-17,1.7325667713024767e-08,-3.5835965535165773e-20,-4.5327161490835884e-12,-1.1963133837527919e-15,-1.6090060296628787e-15,-1.4379979910374479e-45,-2.1503080443087042e-50,-1.2560121421439410e-33,-4.9119980008988175e-35,-3.9921458788444279e-17,3.1865065836348910e-09,-1.5615326969346572e-13,-1.9394537704427199e-16,-3.0859560969882125e-32,-9.0396085063001873e-18,-7.0633473092821217e-35,-3.7193722929933742e-25,-5.8259270190895754e-19,-2.4140306732926239e-47,-1.6516626262524521e-19,-1.2601483050157893e-37,-2.5843710357861232e-18,-3.5046865429357404e-32,-5.7339083132078987e-19,-1.5239738765422109e-33,-2.0469110819043425e-21,-2.8486763875548139e-27,-1.2532205371894556e-31,-4.5394223899403689e-29,-5.8861048558927219e-17,-6.9333528848884087e-20,-8.2514683415420542e-36,-1.0540990278354225e-18,-2.2609109966271168e-19,-6.6408737738585454e-22,-3.7741156396782177e-21,-3.9589721235483498e-47,-2.8891293059295108e-22,-1.1901131090507307e-28,-1.2191221017284230e-50,-1.7752667707159227e-17,-5.1880630130891043e-28,-3.5626466311541170e-22,-9.0766623505219242e-28,5.7969144386919106e-08,-0.0000000000000000e+00,-2.4472340186027307e-30,-2.1020768752207444e-24,-1.0695196641326916e-30,-7.8936671876092636e-22,-7.4345414374631422e-02,-1.5854056676957438e-03,
-3.1964195246434012e-06,-6.3183846217566132e-26,-2.1607965712924300e-15,3.2921280863127649e-07,-1.2456342718978543e-18,-1.3177953271225648e-09,-6.0828604111403788e-13,-8.6032538269022625e-13,-4.3774438740502669e-44,-4.0652049598334391e-47,-6.8715062470110403e-32,-2.5545689628149450e-33,-1.1110840226385163e-14,6.0980543792253148e-08,-8.0392796482766314e-11,-1.0443149190808169e-12,-1.9711554022456320e-30,-5.5234244717595856e-14,-4.5212333042354989e-33,-1.3124255022054318e-22,-4.2557636607877207e-15,-1.5296911018224470e-45,-5.2306710255333574e-16,-8.1115247286865935e-36,-1.1736485984165451e-14,-2.4797995537723854e-30,-5.9343676364422790e-15,-9.6493670736453709e-32,-6.0311528693004118e-17,-7.3892264109812965e-27,-3.5441821622396591e-28,-1.0794743775419278e-27,-1.7605168963879063e-15,-2.3864358928675860e-17,-3.2241389461306092e-35,-5.7588816214846180e-16,-4.8606735984031159e-16,-3.9830300331372374e-18,-2.2936415369946587e-18,-1.4367006858731615e-45,-2.1997224412025068e-18,-9.2039188463882573e-28,-3.7201281476382296e-47,-3.8476209661004972e-20,-5.8385437458945742e-27,-2.1638833610608200e-18,-1.2684088857977197e-26,1.1016392339306883e-06,-0.0000000000000000e+00,-5.8192860611338417e-30,-8.8235436914087251e-19,-6.8375430698140931e-29,-2.5866662986828534e-17,-3.3782547539675772e-01,-1.0605940010313116e-02,
-2.7245196121970210e-06,-4.8394503281581819e-26,-2.2428538421784373e-15,-5.1057916193310360e-07,-8.5888856034697411e-18,-1.6194282189242462e-09,-7.9189285393457334e-13,-1.1261068076996868e-12,-5.1130441667809406e-44,-4.0261361022206972e-46,-6.9426982231764877e-32,-2.5520108150623793e-33,-1.3624201383524937e-14,-1.7450989765921767e-07,-1.0479948427654019e-10,-1.7938285688181031e-12,-2.1045470546415683e-30,-9.6444572214846685e-14,-4.8821809535386652e-33,-1.4131711763207897e-22,-7.6049527453199219e-15,-1.6031052980177703e-45,-8.4005763647094172e-16,-8.6192979361170237e-36,-1.9719167480318692e-14,-2.7799369162111208e-30,-1.1093658649102903e-14,-1.0112837224420549e-31,-1.2971706157875322e-16,-1.6513785270406724e-21,-1.6056869220570049e-25,-1.0190204105355181e-27,-1.8126886416604182e-15,-2.9897096829319402e-17,-2.4694753194946262e-35,-7.5557188579926058e-16,-7.4552165948796294e-16,-7.1622654661822771e-18,-3.0510861845412608e-18,-1.5031289544025767e-45,-4.1360880574948864e-18,-9.8367714356514120e-23,-3.5204954561678310e-46,-4.0319542765790219e-20,-4.6633887563288877e-22,-7.3120655243282551e-18,-1.1873368827417299e-21,-2.2083693333064077e-06,-0.0000000000000000e+00,-8.2062530317835668e-25,-1.2071435191277854e-17,-7.2660170234868560e-29,-5.6561872362147244e-17,-3.4777099756611046e-01,-6.5336708219438266e-02,

32,55
3.2097613723989727e-06,4.3082522149650087e-26,2.3028148631842449e-15,-3.0259919100295027e-07,1.0901449109137106e-18,1.6400914058488207e-09,7.9525438042383930e-13,1.1298799234246818e-12,2.0100010640353199e-45,2.6948256767917048e-47,2.2341930604261112e-32,7.8633897587639181e-34,1.3805146965560833e-14,-5.5506268693197285e-08,1.0522096111772559e-10,1.7142550354819248e-12,1.0651375029375952e-30,9.1841139909737008e-14,2.3272936198861293e-33,7.3610564827156349e-23,7.2067961142519360e-15,4.5906392860827793e-46,8.1434482885189534e-16,2.4373561837743796e-36,1.8936353054479747e-14,1.5797649357759570e-30,1.0416609352823170e-14,5.2650857335261326e-32,1.1873650880717257e-16,-2.1596198984232585e-21,-3.2157033044757016e-26,6.8377529881339345e-28,1.8626908965317412e-15,3.5524146167684572e-17,2.1984524264629862e-35,7.5803056277136550e-16,7.2835473069589151e-16,4.4229161391684537e-17,1.4145558871122388e-19,1.3231849203406754e-45,1.0086251440588273e-19,-1.2441788870787437e-22,4.3670304251963930e-47,-3.1220145683616117e-20,-5.6373896191475768e-22,5.8538557543022290e-20,-1.4071611725136528e-21,-1.0087324521804931e-06,-0.0000000000000000e+00,-1.1260791430370990e-24,-3.4538584433051319e-21,3.7454246502074330e-29,5.1625760099953982e-17,3.8891750062282321e-01,7.4040749610462267e-02,
7.0493918633700050e-10,1.1406292265971134e-10,2.0768972303798877e-09,-7.7858015563074819e-09,1.9117626242740554e-08,1.3930575146109026e-07,1.2705203579993072e-11,1.1415486063004533e-12,5.8121064229638266e-24,9.7518245365632076e-27,1.2966916190094440e-24,3.6194788512790193e-26,6.7744073770080079e-25,1.0253385108608352e-26,5.0271283316516563e-09,-5.5325131222214562e-09,1.8976489416111285e-17,1.5088564767219742e-19,3.3779914392187320e-26,1.0243456223102109e-27,5.1166355197133926e-26,2.9248090967417285e-33,2.5413115446514567e-30,2.4714120879540240e-33,2.8775625248561770e-31,2.6874392050479377e-31,4.1631087890529644e-33,3.8409989069576388e-26,2.3376437444171137e-27,1.6678994876196714e-31,7.9149038721512803e-16,1.8304034050629549e-16,2.5852806394691555e-17,6.3822932174524443e-17,7.7950038197159806e-16,1.8615648678418297e-11,4.6076481197844744e-14,6.7920599298609277e-12,7.8242729071673966e-16,5.2425079617976495e-23,2.1443523194095140e-20,6.1346587156559381e-28,3.4930190127945432e-29,-7.4366870812578532e-20,5.1385098334332802e-21,1.1137264752840773e-17,5.3633166201995543e-19,-5.3231112844255471e-08,-0.0000000000000000e+00,-0.0000000000000000e+00,-0.0000000000000000e+00,1.3383912690201466e-32,3.7250377326266219e-33,-9.1442242608846855e-02,1.0399795916449235e+00,
3.2528973254267046e-09,3.3170752885311061e-10,9.6272345356363233e-09,-2.1889374685509024e-08,9.1222930057013688e-08,6.8125017596228347e-07,5.6693957880953566e-11,4.7990635783572535e-12,4.1828579671102879e-24,1.3807383634774209e-26,1.7072090809382971e-24,4.9687555481971625e-26,6.6631927214492274e-25,-3.4632021595656528e-25,2.4650273492989593e-08,-1.3894601639035561e-08,8.3532545910930508e-17,7.2292634351973641e-19,1.4019567007325421e-25,2.7349434527820492e-27,3.2314891724016291e-26,7.9595489365368463e-33,7.2659830454493427e-30,2.4761926118067986e-33,2.8773036829453108e-31,2.6872106285237416e-31,4.1486649213047290e-33,4.5848750248326882e-26,1.3653331674870374e-27,5.3283905524450327e-32,3.8623466902564247e-15,7.5462811837068949e-16,1.2894435023551310e-16,3.2771294403480553e-16,2.3212842135727788e-15,1.1390084927895823e-10,2.2561303114528314e-13,3.3771563676257155e-11,3.5286719911232885e-15,1.8575585615176236e-22,1.0911283892050049e-19,2.2317270082622961e-27,4.6711761624623571e-29,-2.5461515244326344e-19,3.4403452488580215e-20,6.5336326056729732e-17,2.8108488137976772e-18,-1.3879545242567002e-07,-0.0000000000000000e+00,-0.0000000000000000e+00,-0.0000000000000000e+00,3.2655559363841186e-32,3.7911276048598800e-33,7.0252850738875627e-01,6.3377272039344206e+00,
1.3291538868307033e-08,1.1994192346906940e-09,3.9687381634311332e-08,-1.1848152272665848e-07,3.8050526998594609e-07,2.7066069444287234e-06,2.3717273350771370e-10,1.9410056323056966e-11,4.4675593451184736e-24,2.2582486957126657e-26,1.7908968787110524e-24,5.3396761396600783e-26,-1.1939286635256411e-24,-4.0770027075945133e-24,1.0577839010879517e-07,-6.1870968224913573e-08,3.5116669016778899e-16,3.0672356704715221e-18,5.4477094839158283e-25,3.1293743533298921e-27,-1.5371732349991256e-25,2.2985455162505268e-32,1.7156522323169971e-29,2.4913062577502334e-33,2.8771590911518294e-31,2.6869647032531320e-31,4.1435176537982372e-33,4.0980776722826905e-26,-2.0710576412636243e-26,-2.7002927937435075e-30,1.6493162992453775e-14,3.0982895695417651e-15,5.6161852863212595e-16,1.4688777246527061e-15,8.4574786954129495e-15,5.4238357684677630e-10,9.4323200901215494e-13,1.4893803863990059e-10,1.4603357712994874e-14,7.8672732344951683e-22,5.0558349003656119e-19,9.2856224037326300e-27,6.9018953480297481e-29,-1.7469399753505481e-18,2.3018639207581503e-19,3.4547583831154278e-16,1.3222365001980984e-17,-6.6813487318890622e-07,-0.0000000000000000e+00,-0.0000000000000000e+00,-0.0000000000000000e+00,8.1098959564337275e-32,3.9565926398359066e-33,8.9735249578297580e+00,3.1722317056428551e+01,
4.6680038249824689e-08,4.2256765977753569e-09,1.4077722737269311e-07,-5.4653149157027506e-07,1.3556736475733331e-06,8.5755925598979357e-06,8.5104695720963232e-10,6.8241958162940410e-11,6.5923035774126570e-24,2.5730104213269357e-26,2.2760679860659035e-25,1.0425940644151074e-26,-2.3975590175405877e-23,-2.9600638535259195e-23,3.8975400500783228e-07,-2.0896549979058133e-07,1.2685824360287300e-15,1.1163144305927079e-17,1.7978941952578291e-24,-1.8360840698216661e-28,-2.2178815520476587e-24,5.3372766108914416e-32,2.0258556634865338e-29,2.5055414827510854e-33,2.8678375946932503e-31,2.6866275102239971e-31,4.0770053629508969e-33,-1.3080701679144104e-25,-2.4042084176366235e-25,-2.3569470487146910e-29,5.9781575304554898e-14,1.1234397837769655e-14,2.0943671147481052e-15,5.6184431075649277e-15,2.9891906477981750e-14,1.7853323387145090e-09,2.8601484161092919e-12,5.7209846115365927e-10,5.1736063926798969e-14,3.0248952481091517e-21,2.0749449262570719e-18,3.5332189838678822e-26,7.3663418588090515e-29,-1.0084048337246973e-17,1.2991833072193803e-18,1.5634814947282104e-15,5.3935041865272063e-17,-2.6243168454112498e-06,-0.0000000000000000e+00,-0.0000000000000000e+00,-0.0000000000000000e+00,1.3964362258689171e-31,4.0797119886684830e-33,5.1664265035565670e+01,1.2547784496225239e+02,
1.4037726422561659e-07,1.2799161227405954e-08,4.2723848640561615e-07,-2.0864195618885695e-06,4.0998211577390198e-06,2.1374007192782705e-05,2.5619293434157170e-09,2.0527997836644289e-10,4.4491670143798135e-24,1.8120605240620377e-26,-1.1090770779626146e-23,-3.2826052031400458e-25,-1.5707388041230720e-22,-1.5387065736256244e-22,1.2283542466496537e-06,-4.7241037762996760e-07,3.9234604391155102e-15,3.4627532381704282e-17,5.3264154614657658e-24,-4.5179868595457707e-26,-1.3840750710532250e-23,1.2497121718608165e-31,1.2963513577594418e-29,2.6046954331933339e-33,2.7752783430311446e-31,2.6205697437989620e-31,5.8745956306416338e-33,-1.2514104509413016e-24,-1.4597488210627559e-24,-1.4156994024235565e-28,1.8137276451531729e-13,3.5105341634488798e-14,6.6508355068753794e-15,1.8218085218921136e-14,9.0576049791057740e-14,2.8142528501216220e-09,4.3882277308147074e-12,1.9155409200988747e-09,1.5363280107229249e-13,1.0140758754531386e-20,7.6025608953759439e-18,1.1925185203392207e-25,3.3244323601898366e-29,-4.6483570563743968e-17,6.1684373532572265e-18,5.9917956371555719e-15,1.8901334516610731e-16,-8.3111565945089906e-06,-0.0000000000000000e+00,-0.0000000000000000e+00,-0.0000000000000000e+00,2.5014852077643174e-31,4.6041448204205214e-33,1.8835679947421923e+02,3.7830225712602237e+02,
3.6405461329037405e-07,3.3471033522660677e-08,1.1160413950789311e-06,-6.4026157537169924e-06,1.0570182070844411e-05,4.1270637844171886e-05,6.4530129447064502e-09,5.3108278715426048e-10,3.5306169547476567e-24,4.0873175417207991e-25,-5.6951736934427216e-25,8.8421372917799812e-26,-5.6029705299565995e-22,-5.2730052173780123e-22,3.3295496624781577e-06,4.5537486094491775e-08,1.0458365392405656e-14,9.2016283657872441e-17,1.5927842868812543e-23,-5.0670049166470507e-27,-4.8863144468709498e-23,6.5948588714999489e-31,5.2319941669787255e-28,3.2600383594884758e-33,3.0039356091660022e-31,2.6206883968142330e-31,1.1704689832943666e-32,-1.6013616972975454e-24,-5.0727580802306164e-24,-5.6121192556519393e-28,4.5952600382518019e-13,9.4680455219773184e-14,1.8085004474583878e-14,5.0350085737638689e-14,2.3651135321829379e-13,2.6387109016995854e-09,4.1412025429821739e-12,5.6291453212749599e-09,3.8090683770547358e-13,2.9800249595168010e-20,2.5216276520193394e-17,3.6301352499218002e-25,1.1192662251719793e-27,-1.5254882457352150e-16,2.4860132623481340e-17,1.9537285332950181e-14,5.7103830578941500e-16,-2.1104061039175897e-05,-0.0000000000000000e+00,-0.0000000000000000e+00,-0.0000000000000000e+00,2.3586207985640304e-30,1.1405384732305125e-32,4.5547038364992449e+02,8.2947514373748197e+02,
8.3088909443630074e-07,7.7080294736979538e-08,2.5595052421208614e-06,-1.5344259298547393e-05,2.3710575316248690e-05,6.0433874196875800e-05,1.3870924288229665e-08,1.2062572342056048e-09,5.1108975510225737e-24,3.7138848721591713e-24,7.9047115172106095e-22,2.4780461848624723e-23,3.6628096942755457e-21,1.5598354342307814e-21,7.8956781684126025e-06,7.6303291233831930e-08,2.4496665937522905e-14,2.1358339539085027e-16,4.9216750937061273e-23,3.1945082377135111e-24,2.8626768819845585e-22,3.8541239318476440e-30,5.1900807267199157e-27,6.5370500162664868e-33,3.3485185126693160e-31,2.6205072222417335e-31,1.8418674581525398e-32,6.0337236650350392e-23,3.7249333917600742e-23,2.0606308485854485e-27,9.9094519314955471e-13,2.2446891792015284e-13,4.2937643094381836e-14,1.2095059325993731e-13,5.4288776650312709e-13,-9.0687747950139267e-09,-1.2253153118550077e-11,1.4631217410852967e-08,8.0741995641050685e-13,7.7748144295650751e-20,7.5054856951518270e-17,1.0025658549467543e-24,1.1200887893023832e-26,1.7109554263997545e-16,8.3890753419402329e-17,5.4672507613903969e-14,1.5034667467486502e-15,-4.2507199198436627e-05,-0.0000000000000000e+00,-0.0000000000000000e+00,-0.0000000000000000e+00,1.6669078787017478e-29,5.5532886733815498e-32,7.0692778171388272e+02,1.2118498165757526e+03,
1.7243454245145337e-06,1.6144648476974477e-07,5.3266280336934738e-06,-2.8207546934187972e-05,4.8075486224958689e-05,6.5342668939738548e-05,2.6765162836335507e-08,2.4893099153719274e-09,4.9473959454100408e-24,1.5467399589798564e-23,3.8344553704003797e-21,1.1964257559748238e-22,2.1947621876003238e-20,1.3008358029540088e-20,1.6858730591864808e-05,-2.8081431861161439e-06,5.2081665959878074e-14,4.4846158737392041e-16,1.3758403416063889e-22,1.5566945114619400e-23,1.7763802963093735e-21,1.4933658516628277e-29,2.2494766708953365e-26,1.8881628691430425e-32,1.3345378162188688e-30,2.4836735718698831e-31,4.7141994995350196e-31,3.0111538397219268e-22,2.1637376022900377e-22,2.1271693853032477e-26,1.9113925192788524e-12,4.8260761825109037e-13,9.1993750153097822e-14,2.6091140015404169e-13,1.1327379164746500e-12,-7.1072989266496276e-08,-9.7312978130813894e-11,3.3922368669755664e-08,1.5667515980680420e-12,1.8187267603929761e-19,1.9461424455930251e-16,2.4825781669407100e-24,4.7319931949312293e-26,2.4960915365390885e-15,2.3175096119524807e-16,1.3246272251372445e-13,3.4990927252188503e-15,-6.5726223668954642e-05,-0.0000000000000000e+00,-0.0000000000000000e+00,-0.0000000000000000e+00,6.6504806946476776e-29,2.1138755024263515e-31,7.2849841061476945e+02,1.2249280438549529e+03,
3.3756937295300895e-06,3.1915371987787504e-07,1.0447268151816600e-05,-4.0680666843959754e-05,9.2194379417652006e-05,6.3202664022741315e-05,4.9819494969354851e-08,4.8522110839096195e-09,5.9795145904402045e-24,4.0296472879088687e-23,1.0267555360508864e-20,3.2008808467691041e-22,6.0710244632471724e-20,3.7592313049072052e-20,3.3544217769053803e-05,-2.4885301625149346e-05,1.0453925851299104e-13,8.8892374135473033e-16,3.1664827901781867e-22,4.1777751866393880e-23,4.9465823382728228e-21,3.9251918268091350e-29,6.0578633322737071e-26,1.4902166790173871e-31,6.3018979017593639e-30,5.4241914119156246e-30,1.6025560622454288e-31,8.0779871925119924e-22,5.9922784951846254e-22,7.4650665580968659e-26,3.5372843142972673e-12,9.7617968290131302e-13,1.8472207573275750e-13,5.2415280843535226e-13,2.2332152623762647e-12,-2.3836045357018566e-07,-3.1910321455150326e-10,7.1104413496621189e-08,3.0616681409513993e-12,3.8555399698032116e-19,4.3282542835996119e-16,5.4868567574266486e-24,1.2374639174658552e-25,7.4072782001226090e-15,5.1963420572729924e-16,2.8058931706764224e-13,7.3126954532479643e-15,-4.0802241281719315e-05,-0.0000000000000000e+00,-0.0000000000000000e+00,-0.0000000000000000e+00,1.7356719480687229e-28,6.0813986237701920e-31,6.0348518038576674e+02,8.4311637431137501e+02,
6.4162120683911325e-06,6.1433216081762954e-07,1.9894748440279082e-05,-5.1756353789933246e-05,1.7252655831610599e-04,3.1791760867300467e-05,9.4215919925279269e-08,9.2050840653507002e-09,7.0180074248621908e-24,7.8305167126498996e-23,1.9635492122495923e-20,6.1194866692733723e-22,1.1433803774606532e-19,6.9993716816573732e-20,6.4092706909949017e-05,-8.3117297364342511e-05,2.0551416965907804e-13,1.7248430157715291e-15,6.1597440750925101e-22,7.9583153619821101e-23,9.3390137131609464e-21,7.9737093232493822e-29,1.2171637036050406e-25,1.7604505752303776e-31,4.5986843800994245e-30,4.0112018384268009e-30,4.0707617332587622e-31,1.5357746164320246e-21,1.1369656838332935e-21,1.8069371864922136e-25,6.5891873806080020e-12,1.9215999356298163e-12,3.5863025303468888e-13,1.0085125468907203e-12,4.2948672166445790e-12,-5.1080736954628923e-07,-6.5193290086679474e-10,1.3786659986494759e-07,6.2923149468701112e-12,7.6087741864517702e-19,8.4981106022838066e-16,1.1210531696206859e-23,2.4062786633898206e-25,1.3398387430998103e-14,9.6660114891947903e-16,5.2839262821915595e-13,1.4017583972501105e-14,1.0809940275578616e-05,-0.0000000000000000e+00,-0.0000000000000000e+00,-0.0000000000000000e+00,3.4568912696247171e-28,1.1394415884014414e-30,1.3478453503066078e+02,-6.4878905762474858e+02,
1.2069355436960239e-05,1.1796184636325240e-06,3.7490694532770341e-05,-6.8180716762919228e-05,3.1837122786791206e-04,-5.9073666179259036e-05,1.8274766730987978e-07,1.7311407056561799e-08,1.0724070461613769e-23,1.3890001617422145e-22,3.3071360066356818e-20,1.0302345082698396e-21,1.8127856892967101e-19,1.0492483717672974e-19,1.2025026547815864e-04,-1.5301831039682678e-04,4.0899732225710402e-13,3.3656616188788642e-15,1.1442810948880065e-21,1.3225545403998718e-22,1.4827973198068321e-20,2.0690961660337374e-28,3.1568926447514296e-25,4.1851197653647832e-31,1.5250986891695953e-29,1.4081173864988136e-29,4.7095170256404975e-31,2.5276290269938280e-21,1.8163682079904082e-21,1.7563192056628996e-24,1.2392170367136891e-11,3.7964763978750868e-12,6.8904485734858737e-13,1.8924223007024280e-12,8.2470797821483873e-12,-7.6179711926367816e-07,-6.5015902279016617e-10,2.5472036878592763e-07,1.3197269420657967e-11,1.4722582787755893e-18,1.5905698752060305e-15,2.2960294696281401e-23,4.2668420732377062e-25,1.8730252205460575e-14,1.5906894899848968e-15,9.0923810000073104e-13,2.5446378598351268e-14,2.2307199179413883e-05,-0.0000000000000000e+00,1.8524645007253689e-39,-0.0000000000000000e+00,6.3309326941085640e-28,2.2090476365147904e-30,-2.0217939139751158e+00,-2.6817203492090093e+03,
2.2890549396838708e-05,2.3190299225263082e-06,7.1173010331272138e-05,-8.9747845666210039e-05,5.8243073894032071e-04,-2.5941735893921723e-04,3.6481007020134522e-07,3.2822476883511560e-08,1.7387948222089830e-23,3.1690957726916039e-22,7.2556645950804622e-20,2.3787020085960829e-21,5.7407065917596186e-19,5.3402434007917880e-19,2.2609077187371243e-04,-7.3845083231626569e-05,8.5616400305020281e-13,6.8045686255802359e-15,2.8592644112711713e-21,4.3585181223041687e-22,5.4313998573377059e-20,3.9446047348881209e-27,6.3250589771003720e-24,1.6139127480307627e-28,2.3600425172021108e-26,2.5078997280293558e-29,2.0523305963711451e-27,5.1516191377272161e-21,3.5610195010908526e-21,8.2787418401288259e-23,2.3405294650604759e-11,7.7933556863093690e-12,1.3413268545385204e-12,3.5148087993904638e-12,1.6210792689607998e-11,-7.2357805856767785e-07,1.1129162635215032e-10,4.5945384385624895e-07,2.7664306943634720e-11,3.0130883273132068e-18,3.2096139144772891e-15,5.2915223023624239e-23,9.7454275963868993e-25,3.3302318139781173e-14,2.6355953069461527e-15,1.4783193036513454e-12,4.5597568602213050e-14,6.5435178004636560e-06,-0.0000000000000000e+00,1.2127572832347784e-37,3.3840035391940569e-38,1.4407522407886725e-27,3.4127961259104348e-28,-1.9010106220371816e+00,-4.7568175123668207e+03,
4.4818607134455053e-05,4.8276975673735870e-06,1.3935606958006565e-04,-1.0667013019010091e-04,1.0679028073251147e-03,-6.2395675861570579e-04,7.6848934878704685e-07,6.4058972561016201e-08,3.7467897612420310e-23,1.4671480910367319e-21,3.8901552581307005e-19,2.7241486445443861e-20,2.6741733552240931e-17,5.3136487420619281e-18,4.3613892254137817e-04,-5.2850104576632243e-05,1.9825404702089808e-12,1.4864169916385871e-14,3.6918784494936892e-20,8.8809224696232214e-21,6.5980811690289962e-19,7.3641887171085445e-26,1.1304064862676263e-22,8.1125281080057874e-27,8.9195925773161843e-25,6.5857283634790307e-26,2.9064117461223839e-25,1.5624574344531364e-20,1.0574085081948555e-20,1.4657658706211537e-21,4.5101498841015987e-11,1.7308535021498247e-11,2.7131078972262351e-12,6.5243274811715130e-12,3.3726441240748116e-11,-6.5159249979294993e-07,1.2314545219451737e-09,8.1346575365678722e-07,5.9620995823591110e-11,7.0068250189545146e-18,7.6693247171191893e-15,1.5089691601109444e-22,4.3221348685356980e-24,9.8461112544782828e-14,4.8818672277817495e-15,2.3217757554537078e-12,8.3820617819216764e-14,-1.2077146583961626e-04,-0.0000000000000000e+00,1.1111944755784374e-34,3.1869247809481874e-36,4.6798723587696949e-27,4.4380161093786446e-26,-5.9671032646018955e+02,-8.3401633024472303e+03,
9.3057354242000425e-05,1.1082476469025835e-05,2.8933127998073780e-04,-1.1545343121713984e-04,1.9854921887127596e-03,-1.1683054197382092e-03,1.7606637813249201e-06,1.3113407423187309e-07,9.4739283068504062e-23,2.7178746020470229e-21,5.1504364896224659e-19,1.7045950970407952e-20,7.3025492727561200e-18,3.6097348284750275e-17,8.8706062771204994e-04,-1.2646690488062002e-04,5.4061024238915662e-12,3.6994629567943187e-14,2.0656923180524374e-20,4.1236370759422689e-21,3.8733928747337495e-19,2.6787914416774321e-25,3.5198226019075421e-22,3.9695986202451281e-27,5.0157704773026866e-25,1.3968244750038331e-26,1.1191671437532838e-25,3.3049197731537209e-20,2.0543530893637885e-20,3.8523846001229452e-21,9.1070645823551376e-11,4.3323378691077171e-11,5.8074113881366506e-12,1.1989019261536722e-11,7.7336318304297538e-11,-6.5560741880760932e-07,2.1691869512442859e-09,1.3814467965651668e-06,1.3902532669024793e-10,1.9234299353867858e-17,2.1520705043147109e-14,5.5603116487269209e-22,8.3670639809394823e-24,1.3846201312344323e-13,9.9078107938340725e-15,3.4538702489719634e-12,1.6079456368312800e-13,-3.1532876021323424e-04,-0.0000000000000000e+00,7.8295891477030438e-35,2.1783634259619707e-36,1.4222758651778542e-26,1.2924668970859262e-26,-2.4043088802987081e+03,-1.6825497336086526e+04,
2.1180823482137899e-04,2.9493954198666458e-05,6.5921196318507048e-04,4.5514350052558261e-05,3.7885045673667068e-03,-1.9370783786304953e-03,4.4673664528519183e-06,2.8519043382815990e-07,2.9171677526347013e-22,6.9426446163136746e-21,9.6327861133176180e-19,2.9427505252227448e-20,2.3778391188484354e-18,1.4364412971297127e-18,1.9703021907769456e-03,-8.2218612846366899e-04,1.8750272917225244e-11,1.1184011368852164e-13,5.7851536828698468e-20,3.2897395302180039e-21,2.0114540275313408e-19,2.5436668612316458e-25,3.3237131951088824e-22,3.3614108186768207e-28,1.7540783698629775e-26,3.7273269444203734e-28,3.3423264429374811e-27,4.3887115442787582e-20,2.0850666871528778e-20,3.2397564145382713e-21,1.9816788470549564e-10,1.2670956558412361e-10,1.3188608065642218e-11,2.0776548932730864e-11,2.0541004989338385e-10,-8.9057203114027212e-07,2.1792830251494034e-09,2.0978312790329069e-06,3.6677863293862157e-10,7.4128253822286125e-17,9.3292534872244624e-14,3.3458769404170178e-21,2.1520540947417466e-23,1.1814987713745365e-13,3.1784533418572230e-14,4.9044316345936444e-12,3.3058516791220402e-13,-4.6547649425255136e-04,-0.0000000000000000e+00,1.3371868160684691e-36,2.1971464397454926e-38,3.9664221121430709e-26,3.8021608766649743e-28,-3.6905221152340991e+03,-3.4957924285687019e+04,
5.5478031656301056e-04,9.7351605529371785e-05,1.7329238403967393e-03,1.0173023852236662e-03,7.5976161230551890e-03,-3.3753173574295682e-03,1.2761164882590737e-05,6.6861834029968531e-07,1.2921435663367634e-21,6.7136385646467220e-20,1.1759419272057600e-17,3.1662384772317386e-19,2.6787501708379989e-17,3.6204311856055618e-18,5.0181928644190384e-03,-2.7455744581608324e-03,9.1436071058311667e-11,4.4485214399780420e-13,3.6923029273873004e-19,2.2349575131298687e-20,1.6452299133800690e-18,1.9785793680601240e-25,2.9275967877995380e-22,1.6679982109933626e-25,1.1419837976715511e-23,4.3668210899272490e-28,4.3943568718174927e-27,2.2349081873819380e-19,1.0917386622085101e-19,3.6495836249905058e-21,4.7990974414874900e-10,4.4418214454686410e-10,3.0811578788346222e-11,2.8905599741820539e-11,6.7533167748545099e-10,-1.6760435227494491e-06,6.1339465178064572e-11,2.3675737852236519e-06,1.1215655345795515e-09,5.6088979434303621e-16,8.1434970151242209e-13,4.6648915200133700e-20,2.0487062059508985e-22,3.9828075863012146e-13,1.8208880430687550e-13,9.7809992879558892e-12,8.2064333878898108e-13,-7.5938224989392875e-04,-0.0000000000000000e+00,-0.0000000000000000e+00,-0.0000000000000000e+00,2.6909892761838127e-25,1.8736450771966775e-24,-4.1714720429805257e+03,-7.4407074342163789e+04,
1.8026454141695535e-03,4.4112290183033920e-04,5.6922166744533351e-03,6.8083402449497388e-03,1.6790416743780238e-02,-7.2937451734272647e-03,4.2472002221952890e-05,1.8274701853843683e-06,1.6644474970368766e-20,7.0528993574795699e-19,5.7848918179805240e-17,1.7209975297833838e-18,1.5620745679516663e-16,1.1362639526611429e-15,1.5719388899163026e-02,-7.3251727651535521e-03,7.2548666785849639e-10,2.6126687748307540e-12,4.3574957369686452e-18,6.6593229942840269e-19,9.9896115950605756e-17,2.1346293294804384e-21,1.9326878098501434e-18,7.9897768826414923e-22,2.3317690078695463e-22,-0.0000000000000000e+00,-0.0000000000000000e+00,3.4864912185324101e-18,2.9610276756662542e-18,4.8199142401911252e-19,1.3377562960024390e-09,1.8930156380177665e-09,6.6909547334057635e-11,2.9026660411931140e-11,3.0324184602301067e-09,-3.7533528023351362e-06,-1.7331963649386224e-08,2.2274310362634285e-06,3.9126981837342350e-09,1.2942986454351051e-14,1.7308813329716728e-11,2.2156305949617790e-18,2.3718636630425144e-21,3.0037488770033318e-12,2.0112837431374233e-12,8.5887989486576390e-11,4.7560512844287984e-12,-1.9003220493857265e-03,-0.0000000000000000e+00,-0.0000000000000000e+00,-0.0000000000000000e+00,1.5070590204828100e-22,1.9078370286479499e-19,-1.2026528598690988e+04,-1.8032671422708355e+05,
8.0376974193350718e-03,3.2409533960093260e-03,2.6327240021820918e-02,4.9593416932913074e-02,4.1470736989102953e-02,-2.0956966198681547e-02,1.9504709417029475e-04,6.3338518424917586e-06,1.5347946006742412e-16,5.8162614682685774e-16,6.3732622860396887e-14,4.4393975241985673e-16,1.3391397344951397e-14,-0.0000000000000000e+00,6.9765782670774851e-02,-2.2740534279908450e-02,1.2141209666675841e-08,2.8750325573665375e-11,7.2881174265333423e-16,5.1217769525274192e-17,2.7000964208818574e-15,5.7740496802363943e-18,3.8491129269827358e-15,-0.0000000000000000e+00,-0.0000000000000000e+00,-0.0000000000000000e+00,-0.0000000000000000e+00,2.3746503318922528e-14,4.3247558437853290e-15,6.4518157782251095e-15,4.1029188101463349e-09,1.0589797688273043e-08,1.5145333915619134e-10,9.3410143429214739e-12,2.1675460387273543e-08,-1.0222418277461752e-05,-7.7465860369547990e-08,-1.0208519272951241e-06,1.3637573920834019e-08,1.6650226101901912e-12,1.6186327850992666e-09,7.4513697530206043e-16,3.7171699447100462e-18,6.5693920974266479e-11,7.2852780054918164e-11,3.5040288409787972e-09,2.1211480283262568e-10,-5.4356817606121717e-03,-0.0000000000000000e+00,-0.0000000000000000e+00,-0.0000000000000000e+00,-0.0000000000000000e+00,1.4992114899922679e-15,-5.6391028752186328e+04,-5.6058700606305420e+05,
3.1613861745513352e-02,3.6993735344691900e-02,1.2787030069692920e-01,1.0183686767884939e+00,5.6329458613298224e-02,-8.8134922367521254e-02,1.3985956731318225e-03,5.3988090290427579e-05,1.4986014549818618e-10,4.9682862971628173e-09,1.1001660769376570e-07,9.7712373371326835e-09,2.1954374339938161e-06,1.0593487162960203e-05,1.4828902317565640e+00,-1.0264107792914283e-01,1.2111014892183557e-06,2.9864813553842179e-06,1.9155878745611363e-08,3.4695116550210455e-09,1.1131530181986747e-07,3.3481742541291841e-12,1.0492914698331725e-09,-0.0000000000000000e+00,-0.0000000000000000e+00,-0.0000000000000000e+00,-0.0000000000000000e+00,2.5372815827284158e-08,2.3731825034435827e-07,3.9987897515107580e-10,2.2084942438105278e-07,5.0743425004555454e-07,3.6437891281302653e-08,2.4490888003083181e-08,2.0178878802954719e-07,-3.5993924887644938e-05,2.7466498588985024e-08,-1.1864462923671493e-05,4.5901365942970814e-07,4.4838448909638517e-09,3.2737144189177175e-06,3.6950108390036035e-10,2.0134254607721417e-11,7.5321299231944967e-08,3.1710904985013702e-08,1.9205732935852103e-06,1.9380449534189040e-07,-1.8657973675659540e-02,-0.0000000000000000e+00,-0.0000000000000000e+00,-0.0000000000000000e+00,-0.0000000000000000e+00,-0.0000000000000000e+00,-3.5058712853264401e+05,-2.6246553132367404e+06,
1.1660359965078861e+00,5.4016606636917974e-01,4.5025228558219759e+00,7.5380195332329308e+01,6.9471431778585222e+00,2.5431107781852575e+01,5.3230299677245885e-01,1.5179719407663561e-01,5.1782207118971733e-05,1.2774529409028833e-03,2.6629540180065685e-02,2.3459068613406239e-03,1.5535166354162171e+00,2.9092415590028647e+01,1.1746633322342069e+01,2.5317790354914674e+01,4.0894984392015075e-02,1.6100221383369655e+00,4.7615009656230460e-03,2.0839421897681166e-02,2.5605409309783861e-01,2.3497802978788237e-05,3.4799917029316778e-02,5.4641049952960409e-03,6.9072106854427751e-01,5.4985051918158584e-02,1.3328029044362188e+00,1.0368280182957169e-02,1.8742406779194157e-01,1.6583225468639552e-04,1.1704948387355223e-05,3.8366147927552698e-06,2.0719870974872899e-06,2.5593387526825054e-06,3.8167063155241825e-06,1.0711235432018216e-03,3.7588649364325434e-04,1.6690811168669750e-04,1.2456260460412365e-06,3.8911300033250384e-07,1.7529571892877421e-04,2.5884974734297995e-07,8.5191359634248882e-06,1.9923782352437319e-05,1.0288339387122313e-06,8.6003955528262874e-05,9.8310698614949947e-06,2.6987130781667963e+00,-0.0000000000000000e+00,2.9345242009939698e-04,3.6805720183184454e-02,3.4146068044858409e-03,1.2540814330946842e-01,9.7797934323252648e+07,5.1188409578656662e+08,
8.4263600872658939e-02,6.5297537009922135e-05,1.5218839606661366e-04,-2.4653155875286130e-03,2.0760999404839894e-03,1.6119977562635246e+01,8.8420971676569579e-02,1.4346264039559098e-02,2.6470468525700067e-15,1.2237803198012610e-08,5.5885257526139392e-07,1.5068524510842256e-08,8.1827949737954733e-03,-1.2377206931994335e-03,4.1940457821291535e+00,5.8133960291116775e+00,4.8590337309020373e-06,3.0599106826890599e-01,6.4566589169127800e-08,1.2704272266273188e-02,3.7272566341806326e-02,4.2099215525857692e-07,1.0622376036384352e-03,1.7066752423463131e-08,4.5668535304408703e-02,7.0480399554684534e-05,1.1025087203062223e-01,1.2296952017991496e-07,7.0528920692999372e-03,1.4130801461758136e-06,3.6291948110211798e-11,6.9102693212381014e-09,1.3116131756489022e-07,4.3547125235835493e-07,8.4793583423600764e-12,2.5761133252505668e-04,1.3825947784226958e-04,2.5650755647617887e-05,1.2180917900624392e-07,6.6587997547064474e-12,1.6892737434744620e-05,4.7754326412612044e-09,9.2250242971909602e-09,1.2790740968539795e-06,1.3378580343070297e-08,1.1936494204217902e-05,3.5490573972910563e-08,-6.0064274998115541e-03,-0.0000000000000000e+00,3.9454912320595525e-06,1.6910298691845407e-03,9.6275232768051733e-06,4.0027729098268639e-03,1.4419099118965488e+07,2.5637809725700113e+08,
6.8223273379353242e-03,5.7522753493471240e-17,1.4946067668198495e-09,-9.6603443928894211e-05,1.3551468723115199e-11,1.4782236152413872e-03,1.0921547149563851e-06,1.5471122853076476e-06,1.5908364027670511e-31,8.0055330970537397e-29,1.7232896052348111e-20,6.7310849057490629e-22,1.4084385432199183e-08,-1.9077387859716753e-05,1.4041652667346030e-04,8.4071495715728051e-06,3.5635568790405047e-19,4.7612968365403583e-07,1.2622744103027228e-21,1.1001135923952114e-11,4.0359937400817316e-08,5.6409796354677071e-34,3.0817073858723157e-09,8.1401629004143882e-24,8.5409534504700478e-08,4.1779617785690694e-18,6.7697260222303325e-08,1.2433949612378984e-20,1.1609700473447740e-09,2.2827905871752861e-13,6.5960565502174739e-17,5.9618856247200908e-18,2.2180338810749046e-10,3.0457897475523353e-11,2.9383318431244927e-26,1.1045913851911530e-09,2.2483502547030417e-09,3.2884211052956641e-11,3.6576236629478791e-12,9.5336446740149301e-35,1.8891530169514459e-11,4.9365102134682185e-15,3.5726285939915631e-29,1.7400242328688865e-12,1.8028928866371267e-14,1.6281464681673271e-11,4.6884182213589040e-14,-3.2724225731810107e-04,-0.0000000000000000e+00,5.6764117452980318e-16,1.9387657828080571e-11,1.0557288387976655e-17,5.4151159152396186e-10,1.1269657029186021e+03,1.8056674415468166e+04,
4.0712589374296119e-04,9.1497156050805400e-22,1.0965434585176313e-12,-9.5048702878640411e-06,6.3848151546872162e-16,7.3387877420749518e-07,3.7332294249727525e-10,5.3280133540781195e-10,1.0177036499786525e-40,1.0659387204602920e-42,3.8477511602322091e-27,1.2270347769180153e-28,6.0213800193758002e-12,-1.9611757422209713e-06,4.9456762527196259e-08,9.9157771754301445e-10,1.4236453723994518e-25,5.3743388398793645e-11,3.4127181098036665e-28,2.7893295421287826e-17,4.2868255967344025e-12,1.0348317065779092e-40,4.4868537808919444e-13,5.7730922834336669e-31,1.0783468250542337e-11,3.6793702811023019e-25,6.3899084867169678e-12,6.4933501139072419e-27,8.0003907749849156e-14,2.7866436185048821e-17,5.1235860456943247e-20,3.9848227126713821e-23,6.5384470266173964e-13,1.3671759183370958e-14,4.6688117260722027e-31,3.5803403270566162e-13,3.8761703783458408e-13,3.7516346135231456e-15,1.2326669495515388e-15,2.2267538386008956e-40,2.0345690919653113e-15,4.5024479997011031e-20,3.8440167924537426e-43,2.0219247977978019e-16,5.6517450958253557e-20,1.8971956957430645e-15,1.7452442496444881e-17,-3.2653936649407294e-05,-0.0000000000000000e+00,1.3762493439003734e-19,8.3303491772119793e-16,4.8565832962556401e-24,3.5034564292891207e-14,2.4704846487956509e+01,8.9240104908794979e+00,
4.1502715075429367e-05,5.6046417023308244e-24,2.8051804188926606e-14,-1.4970520810284416e-06,1.6174205920758831e-17,1.7488507880699218e-08,8.3835866265096413e-12,1.1903480525794002e-11,7.9084831300964699e-43,5.4727029808758129e-45,6.3080678242871541e-30,2.2068139437438199e-31,1.4605887512223746e-13,-2.8909455786260646e-07,1.1091421718937817e-09,1.8228294099418484e-11,2.0133617664952428e-28,9.7922877484765171e-13,4.7307434542747118e-31,1.3296535600200455e-20,7.7158348866279226e-14,1.5051103881143371e-43,8.5769917096133637e-15,8.1905254583470738e-34,2.0068434297773528e-13,1.7353085373132825e-27,1.1252726048676597e-13,9.4962947295564188e-30,1.3221359199936260e-15,3.6045541963751687e-20,6.1943997521621438e-21,9.2999392039186351e-26,2.1913984108794007e-14,3.1962919807616875e-16,2.8599217575315443e-33,7.9810425330173026e-15,7.6389362995276838e-15,6.8553274660114313e-17,2.7515822956497768e-17,3.1713139700754996e-43,3.6692727025557050e-17,1.3249662218069127e-19,7.0460364543596661e-45,3.7058796684210795e-18,1.1607589993718285e-19,3.4772703463857423e-17,5.4000760527309997e-20,-5.0488329509755568e-06,-0.0000000000000000e+00,7.3109133717062919e-20,1.2505005924062286e-17,6.9228648653934127e-27,5.7563457739820530e-16,2.7450772453256262e+00,8.8100364311663862e-02,
6.4099462086877469e-06,1.4703650071789461e-25,1.8573106996964310e-15,-1.1004318381371288e-07,1.0700847443831300e-18,6.7713683451122659e-10,2.7471785824523081e-13,3.8408658479848631e-13,2.8214367297949779e-45,2.1154013746642595e-49,5.7091002996191838e-32,2.2998462184218273e-33,5.7235596564593046e-15,-2.0292868866091688e-08,3.6203947440358671e-11,2.7721486467718129e-13,1.2925418866173542e-30,1.4258459092206550e-14,2.8932344869027336e-33,8.7610715388432119e-23,1.0562457246183762e-15,1.0446191281631299e-45,1.5620646709162818e-16,5.3572669076579960e-36,3.2351303747632010e-15,3.4981686249349516e-30,1.3645710032377443e-15,6.5929511038433534e-32,1.1056911117928420e-17,1.5268009793875930e-19,4.7572720867667264e-23,1.4223062942199697e-27,1.5684041522684897e-15,1.1753937013255582e-17,7.5029617737537276e-35,2.5583355304842952e-16,1.5828542072959114e-16,1.0123674281855049e-18,8.8637996864999596e-19,3.1257563910418522e-44,5.0740466717829801e-19,2.2446904436956693e-20,1.9800953406995876e-49,5.5547508964882810e-20,6.6344318286571215e-20,5.2120892422355305e-19,8.0686187146253093e-20,-3.6796674456769998e-07,-0.0000000000000000e+00,5.9229940305448421e-22,5.0088588106502364e-20,4.5435423928018553e-29,4.6342555499473363e-18,3.6821301975302967e-01,7.2551559943298524e-02,
4.4906516654945706e-07,4.6854876296998338e-27,4.8831007078540051e-18,-1.8447859602564280e-09,2.8112006906925267e-21,1.3619357500739653e-13,2.8402850383252813e-17,3.7413090832920610e-17,1.1230718279497797e-45,8.7114489741777107e-51,9.2438060849750731e-35,3.5487046354842090e-36,1.2408797828782628e-18,-3.3973508930431123e-10,3.6882782447257789e-15,1.8371200785002011e-18,2.4068624094844823e-33,8.1691289686509783e-20,5.5143958024862953e-36,1.4554278997287930e-26,4.9271874405149700e-21,1.8721313980684349e-48,1.9075300290818077e-21,9.7971046880998689e-39,2.6086902564427500e-20,7.5972320002383604e-32,4.4187628383492532e-21,1.1826481542128091e-34,9.3402942366012151e-24,3.3142244343857581e-20,7.3729051767263308e-25,3.9046351583511037e-30,4.9337575492030587e-18,2.0085668491015008e-21,2.3908951510073473e-36,2.4294058655706603e-20,3.0237842107389073e-21,6.0803038190627423e-24,8.5813399251050946e-23,4.4617567171438810e-45,2.4476943866645946e-24,1.4415285530068193e-21,4.8419841368634967e-51,3.5062368968305741e-25,6.2646899298619101e-21,3.2955663072972032e-24,1.5747914632660745e-20,-6.1712175324099035e-09,-0.0000000000000000e+00,2.8450475999427906e-23,-3.5374821738162474e-28,8.3680866401081324e-32,3.3558756665223221e-24,2.3572129554000672e-02,4.3501383680355336e-04,
7.1722164100222774e-09,7.1960780388794485e-29,2.7121461033247806e-22,1.1889389848513319e-10,1.8733612841489350e-25,3.7525560453853186e-20,1.7272624599314643e-23,2.4296476971206221e-23,1.1973874803959533e-45,7.4317198725489105e-51,5.4134103176047581e-39,2.1168211816822208e-40,1.2012593867006284e-24,2.1610444641466837e-11,2.2886171152518012e-21,3.8221895209479661e-23,1.3362727650996343e-37,2.0251252534211169e-24,3.1051228065205837e-40,4.5341714051393440e-31,1.5977701431960380e-25,1.2426710189267634e-52,1.8054555236667898e-26,6.5148513984825399e-43,4.2221935471704499e-25,3.9525463531790040e-37,2.3412820653451389e-25,6.5322319982610266e-39,2.7192983997029492e-27,5.4620759610554479e-25,3.8117333563082343e-27,1.0044521348907744e-33,3.6658849252350572e-22,7.4026874483829953e-25,3.6711115827938327e-38,1.6393790475385487e-26,1.5802431249961911e-26,1.4371784187430587e-28,5.6452109333650627e-29,3.5873511801766837e-49,7.6122794713518960e-29,8.1025981208726310e-26,4.6076700152594799e-51,7.6016075864834553e-30,4.8087162950788321e-25,7.1303044590338097e-29,1.2634952211634939e-24,3.8618248313095796e-10,-0.0000000000000000e+00,7.2499203849765754e-29,2.5507600039561902e-29,4.7300524004129040e-36,1.1876444787531373e-27,3.7966584289374970e-04,3.1927620169038961e-05,
-6.2736899777899779e-10,-6.2689941844380447e-30,1.1656395951503066e-25,1.5392726811843727e-08,-2.6844455436587551e-27,1.0754771181652217e-18,1.0896752708539697e-21,1.6570773350867864e-21,1.3220205038611340e-45,8.0555687747924502e-51,-3.7356469707259981e-41,-2.1775440292239507e-42,4.0641703044832743e-24,2.8544526162022818e-09,1.4853260506149645e-19,4.7909719155357265e-21,2.0452595152842986e-40,2.5698227983645803e-22,-4.0277246828679528e-43,1.1730159544431854e-30,2.0212190916499802e-23,-1.7685651143454921e-54,2.2570766294583053e-24,-9.5302120165947952e-45,5.2827597235595364e-23,6.5427500788156001e-39,2.9339185170130785e-23,1.0070714199133089e-41,3.3769486801776997e-25,3.1035625890147623e-28,2.3424711285911472e-31,-6.0240718620204579e-35,-1.9046677037359441e-25,-5.3985173216476984e-26,-3.2090017968564620e-39,1.1329054554653077e-24,1.9898993125687545e-24,1.8006679016200922e-26,3.8368136496164118e-27,4.5467961567597124e-50,9.6148071133841062e-27,9.9969246912602415e-30,6.1233194619622084e-51,1.3339228524512703e-28,4.0385291580870472e-29,9.1349787685382527e-27,1.0599929118030580e-28,5.1357693647278504e-08,-0.0000000000000000e+00,3.5617146874415710e-31,3.0372143425724039e-27,5.6956654128110470e-38,1.4667356353819237e-25,-2.9465160825304063e-05,4.2304096601010976e-04,
-7.8555813121245185e-08,-7.8868820970620579e-28,-2.5662145726034486e-20,3.0961169452874961e-07,-1.5102898037649216e-23,-4.0971053365647589e-17,-1.7448222256069801e-21,-1.6440954284739609e-21,8.4219137978626815e-46,1.2494826884631248e-50,-4.7221403435445910e-37,-1.7971038335346747e-38,-6.4037997269769705e-22,5.7298153840275213e-08,-2.0815720121884666e-19,1.1269188044460247e-20,-1.2615506513133562e-35,6.4585766986475291e-22,-2.9006115533814124e-38,-2.7768131892585834e-30,5.5080619265996849e-23,-1.0035138297813012e-50,4.0234903405040558e-24,-5.2540512887937215e-41,1.1382651155050623e-22,-1.3160416135005537e-35,9.3462421414115256e-23,-6.1997067673299713e-37,1.5965190233787316e-24,2.7234495939423842e-28,-2.0665041980578861e-33,-2.9366190771910276e-32,-3.1463123448520964e-20,-1.2694028884858268e-23,-4.0246026431685901e-37,-8.9795295475500914e-25,2.8364079312694394e-24,4.4261520914126450e-26,-3.7502767135933388e-27,8.4218949847230081e-50,2.5742078403529521e-26,8.2495313155491190e-30,9.9944749895167167e-51,3.0193010354718952e-17,3.2586487704792185e-29,2.1796973894169927e-26,9.2066786278129903e-29,1.0358492108891136e-06,-0.0000000000000000e+00,3.2756696771428330e-31,2.4597309617206416e-26,-4.3510636198932310e-34,7.1608912819831767e-25,-4.0715055629256215e-03,6.3416226661931613e-03,
-1.4918348390832677e-06,-1.7467023633435875e-26,-7.4812337482925241e-17,6.6964096397372309e-07,-4.3084740861568362e-20,-5.9811468304870804e-12,-1.6176737941393642e-15,-2.1805128762073420e-15,1.8616160589303033e-44,4.1057367154495559e-47,-1.5248488775229159e-33,-5.9777264526577499e-35,-5.2499686681435718e-17,1.6203434020105076e-07,-2.1126784147193163e-13,-2.9068251099715047e-16,-3.7174669412080513e-32,-1.3623188806797322e-17,-8.5047386926241266e-35,-4.9579733536968799e-25,-8.8485034172427870e-19,-2.9107887909974639e-47,-2.4189450778817097e-19,-1.5186078729922584e-37,-3.8448098218591410e-18,-4.2323066229542407e-32,-8.8418898531922851e-19,-1.8375286721467110e-33,-3.3043554635724949e-21,-1.8126946224062304e-27,-1.2514779165530722e-31,-5.4368663117614352e-29,-7.0306285031016081e-17,-9.2067797845956066e-20,-8.9130432874162591e-36,-1.4298519549209017e-18,-3.2558184016272733e-19,-9.9915164051219578e-22,-5.1198607974084348e-21,-4.5482480186922130e-47,-4.3839966443840727e-22,-8.2722898735957369e-29,2.9419187343628231e-47,2.8229852488514961e-18,-3.6822373543466576e-28,-5.3515039304131114e-22,-9.0951662318108063e-29,2.3807528881795620e-06,-0.0000000000000000e+00,-1.3515830990786817e-30,-3.6469294751551176e-24,-1.2887964959312091e-30,-1.2802696766675731e-21,-7.9246771853347692e-02,4.2423759901646575e-02,
2.8916859980934997e-06,9.8538249023505178e-26,2.2719960803663807e-15,4.9873567917427028e-07,1.8877133292213678e-17,1.6512237291690558e-09,8.0469201415531122e-13,1.1438109875354966e-12,2.2403450423066835e-44,2.4417420410167499e-46,1.2550006557012897e-31,5.7385334121632267e-33,1.3901230422858321e-14,1.5941153584456870e-07,1.0648168705372970e-10,1.8099258004839204e-12,2.5126254880952326e-30,9.7279333729007835e-14,5.8620587619977265e-33,1.5665824372033503e-22,7.6682285667918832e-15,2.9949340052512878e-45,8.4975514716886589e-16,1.5567056365113678e-35,1.9906723603137840e-14,3.3195087743306415e-30,1.1182906415831892e-14,1.1987414625143553e-31,1.3090687879495231e-16,-7.6323615554112493e-27,-4.6028505855799358e-28,1.2097770223539396e-27,1.8334932555094301e-15,3.0705075912520722e-17,5.0278076331477608e-35,7.6748956115296641e-16,7.5481693779749884e-16,6.5832007881754257e-18,3.4193762607112305e-17,1.6726443469293716e-45,3.0155115280040664e-17,-1.3112778420789941e-27,3.0115444426650192e-46,6.5434224123146060e-20,-8.5805821954098379e-27,5.4432914150317719e-17,-1.9971389014023153e-26,2.0678646629659501e-06,-0.0000000000000000e+00,-4.4558997343460245e-30,2.4910004963641817e-17,8.6530694040832319e-29,5.7343181405257593e-17,3.8574354501851454e-01,8.1627619287097372e-02,

