1
1
60
0
(32 0
((0,0) (7,32) (0,1))
((0,992) (7,1024) (0,1))
((0,960) (7,992) (0,1))
((0,928) (7,960) (0,1))
((0,896) (7,928) (0,1))
((0,864) (7,896) (0,1))
((0,832) (7,864) (0,1))
((0,800) (7,832) (0,1))
((0,768) (7,800) (0,1))
((0,736) (7,768) (0,1))
((0,704) (7,736) (0,1))
((0,672) (7,704) (0,1))
((0,640) (7,672) (0,1))
((0,608) (7,640) (0,1))
((0,576) (7,608) (0,1))
((0,544) (7,576) (0,1))
((0,512) (7,544) (0,1))
((0,480) (7,512) (0,1))
((0,448) (7,480) (0,1))
((0,416) (7,448) (0,1))
((0,384) (7,416) (0,1))
((0,352) (7,384) (0,1))
((0,320) (7,352) (0,1))
((0,288) (7,320) (0,1))
((0,256) (7,288) (0,1))
((0,224) (7,256) (0,1))
((0,192) (7,224) (0,1))
((0,160) (7,192) (0,1))
((0,128) (7,160) (0,1))
((0,96) (7,128) (0,1))
((0,64) (7,96) (0,1))
((0,32) (7,64) (0,1))
)
32
FabOnDisk: EDGES_D_00000 0
FabOnDisk: EDGES_D_00000 126802
FabOnDisk: EDGES_D_00000 253608
FabOnDisk: EDGES_D_00000 380413
FabOnDisk: EDGES_D_00000 507218
FabOnDisk: EDGES_D_00000 634023
FabOnDisk: EDGES_D_00000 760828
FabOnDisk: EDGES_D_00000 887633
FabOnDisk: EDGES_D_00000 1014438
FabOnDisk: EDGES_D_00000 1141243
FabOnDisk: EDGES_D_00000 1268048
FabOnDisk: EDGES_D_00000 1394853
FabOnDisk: EDGES_D_00000 1521658
FabOnDisk: EDGES_D_00000 1648463
FabOnDisk: EDGES_D_00000 1775268
FabOnDisk: EDGES_D_00000 1902073
FabOnDisk: EDGES_D_00000 2028878
FabOnDisk: EDGES_D_00000 2155683
FabOnDisk: EDGES_D_00000 2282488
FabOnDisk: EDGES_D_00000 2409293
FabOnDisk: EDGES_D_00000 2536098
FabOnDisk: EDGES_D_00000 2662903
FabOnDisk: EDGES_D_00000 2789708
FabOnDisk: EDGES_D_00000 2916513
FabOnDisk: EDGES_D_00000 3043318
FabOnDisk: EDGES_D_00000 3170123
FabOnDisk: EDGES_D_00000 3296928
FabOnDisk: EDGES_D_00000 3423733
FabOnDisk: EDGES_D_00000 3550538
FabOnDisk: EDGES_D_00000 3677343
FabOnDisk: EDGES_D_00000 3804147
FabOnDisk: EDGES_D_00000 3930950

32,60
0.0000000000000000e+00,0.0000000000000000e+00,1.1439565746342191e+00,0.0000000000000000e+00,-1.1192648364433556e-31,0.0000000000000000e+00,2.5598496686261668e-01,-2.0836972422539288e-23,0.0000000000000000e+00,0.0000000000000000e+00,0.0000000000000000e+00,-3.6187867505946824e-50,-3.9318867038335986e-52,-2.6639328842325192e-37,-9.8510473682665920e-39,0.0000000000000000e+00,4.4919530028315786e-02,0.0000000000000000e+00,0.0000000000000000e+00,-1.4587376894122810e-35,0.0000000000000000e+00,-3.1857231152327907e-38,-1.0917988372685901e-27,-1.7827298413063685e-23,-7.2023396018912571e-51,-1.8981754120814311e-23,-3.8350790774008096e-41,0.0000000000000000e+00,-2.2136701526514266e-35,-5.7466565395101695e-24,-4.5861792097277438e-37,-4.8403714784278315e-24,-4.0395826123268123e-25,-3.5601742897762863e-29,-5.7270363378278460e-33,0.0000000000000000e+00,-3.7318777024421315e-23,-3.8271025208458760e-40,-2.7770619698432196e-23,-1.2323156403650324e-23,-5.8862180687852118e-24,-3.8077487669153930e-24,-4.7154067315735258e-50,-3.8135462545055275e-24,-1.4433553910256949e-26,-1.5934226793927879e-52,-3.3520634683161566e-24,-6.0330925405926662e-26,-3.7361352439435838e-24,-1.5091991141446994e-25,8.4305204611634643e-01,0.0000000000000000e+00,-4.2785125831839990e-28,-3.6589215166618506e-24,-6.0693473362633062e-34,-3.4200769621067416e-23,-2.0901408592049073e+05,0.0000000000000000e+00,0.0000000000000000e+00,0.0000000000000000e+00,
0.0000000000000000e+00,0.0000000000000000e+00,1.8505636886206642e-01,5.9974248404198489e-07,2.2815986990990805e-08,4.6337735559076486e-06,1.2405312218968534e-02,8.4728917950772028e-05,1.6281892727845693e-02,1.3964303162464816e-07,7.9159268242307731e-09,-1.1496432380664575e-28,-3.5198279722268446e-27,-1.4152611251103590e-24,-4.4201495872862075e-26,-9.3107079537673366e-24,-6.3454982744144045e-24,1.6665563036207976e-05,1.9880900538882234e-02,3.1387481056176071e-14,3.3458263361672459e-16,-3.9723759992308698e-26,-7.7960494196818316e-27,-9.9388938865997275e-25,-6.9978997854643734e-33,-1.1605849403006128e-29,-5.3096552563101859e-36,-1.9742857956581026e-35,-5.6854857649210752e-36,-3.2801404797137400e-37,-1.0311933060190737e-25,-1.3883430845320531e-25,-2.9602868453578869e-29,1.8742481623886818e-12,1.8065293477182106e-13,4.5538591870341120e-14,2.3331402179839875e-13,1.0375234151586465e-12,1.3191663821256294e-06,2.4748562850793355e-09,3.9866574733608101e-08,2.8036536005648183e-12,6.7450973095535988e-20,7.2421956468534569e-17,-4.8937126077941498e-28,-1.4411822625815259e-29,1.4121039978398498e-15,1.1850625779586397e-16,1.1494980502940794e-13,2.5390585740206396e-15,1.3638010341466097e-01,0.0000000000000000e+00,-6.0554531926266273e-44,-1.6578249451698870e-45,-3.3558406679897707e-32,-1.1126547011440336e-34,-3.3870405354696268e+04,0.0000000000000000e+00,0.0000000000000000e+00,0.0000000000000000e+00,
0.0000000000000000e+00,0.0000000000000000e+00,1.8505636637955897e-01,5.9974264529354081e-07,2.2815995711349098e-08,4.6337746761009100e-06,1.2405311955572228e-02,8.4728928598198206e-05,1.6281892787198309e-02,1.3964304108582248e-07,7.9159276713626098e-09,-1.2416719771115494e-28,-3.5198077094216609e-27,-1.4152569229994276e-24,-4.4201351437617632e-26,-9.3107249584684819e-24,-6.3455672739075819e-24,1.6665567314363012e-05,1.9880900214890147e-02,3.1387497976076621e-14,3.3458277938184613e-16,-3.9722870357889671e-26,-7.7960246520795362e-27,-9.9389275700911282e-25,-6.9978560833976274e-33,-1.1605812242219898e-29,-5.3096031367229288e-36,-1.9741769542685309e-35,-5.6850683794724709e-36,-3.2785799981305083e-37,-1.0311917177798145e-25,-1.3883483882856107e-25,-2.9602921950444260e-29,1.8742486435213777e-12,1.8065301136162142e-13,4.5538605319730329e-14,2.3331406354731240e-13,1.0375238110667418e-12,1.3191663938448145e-06,2.4748563237522327e-09,3.9866581673134897e-08,2.8036542169971682e-12,6.7451002037519655e-20,7.2421975217782054e-17,-4.8936219031700463e-28,-1.4411741464200156e-29,1.4121022512241910e-15,1.1850625876113902e-16,1.1494981373585819e-13,2.5390590821637177e-15,1.3638010107798318e-01,0.0000000000000000e+00,-6.0551945234695241e-44,-1.6577959658921150e-45,-3.3558217437834870e-32,-1.1126475147369565e-34,-3.3870405431028186e+04,0.0000000000000000e+00,0.0000000000000000e+00,0.0000000000000000e+00,
0.0000000000000000e+00,0.0000000000000000e+00,1.8505635209163174e-01,5.9974362443270552e-07,2.2816046872202236e-08,4.6337814600973678e-06,1.2405310469560232e-02,8.4728993422749654e-05,1.6281893129487773e-02,1.3964309954958220e-07,7.9159327965665979e-09,-1.1577454942213325e-28,-3.5197317686753731e-27,-1.4152594400203097e-24,-4.4201383637587774e-26,-9.3111676048156669e-24,-6.3460708347923097e-24,1.6665593748707380e-05,1.9880898438369984e-02,3.1387602227683876e-14,3.3458367779040187e-16,-3.9719713220321361e-26,-7.7960261833532388e-27,-9.9394576409167145e-25,-6.9976807981262446e-33,-1.1605673047351138e-29,-5.3094086756441761e-36,-1.9752651522179561e-35,-5.6846485535570409e-36,-3.2994557728524077e-37,-1.0312122685755197e-25,-1.3884123965410560e-25,-2.9603505214364169e-29,1.8742516279725747e-12,1.8065348523351385e-13,4.5538690073687847e-14,2.3331433392959345e-13,1.0375261396821628e-12,1.3191664817514113e-06,2.4748565636919853e-09,3.9866625490408100e-08,2.8036579983461354e-12,6.7451188096845917e-20,7.2422100604995935e-17,-4.8931479350348973e-28,-1.4411475804941678e-29,1.4120908669683924e-15,1.1850628397926345e-16,1.1494988333497034e-13,2.5390625095502781e-15,1.3638008811812893e-01,0.0000000000000000e+00,-6.0544026621575007e-44,-1.6576684456396861e-45,-3.3557580971571613e-32,-1.1126205492118121e-34,-3.3870405238779589e+04,0.0000000000000000e+00,0.0000000000000000e+00,0.0000000000000000e+00,
0.0000000000000000e+00,0.0000000000000000e+00,1.8505628385297351e-01,5.9974824199769240e-07,2.2816289616950906e-08,4.6338137467456364e-06,1.2405303428747358e-02,8.4729304166857548e-05,1.6281894584674755e-02,1.3964338424550720e-07,7.9159571341195450e-09,-1.2199487913177220e-28,-3.5197145379123827e-27,-1.4155221105607943e-24,-4.4209176052395477e-26,-9.3141651102040786e-24,-6.3487932491448318e-24,1.6665724080595532e-05,1.9880890360382989e-02,3.1388106684148581e-14,3.3458807048705833e-16,-3.9707774881894056e-26,-7.7974175233859475e-27,-9.9428932199361888e-25,-6.9972407384457912e-33,-1.1605749279655201e-29,-5.3089110400608647e-36,-1.9772990351054236e-35,-5.6851729258910996e-36,-3.3912138925979064e-37,-1.0314434792843106e-25,-1.3888229547851002e-25,-2.9607180494978537e-29,1.8742662840472683e-12,1.8065579900588734e-13,4.5539113334577130e-14,2.3331572578868497e-13,1.0375372105599033e-12,1.3191669996106348e-06,2.4748577409450383e-09,3.9866846667000752e-08,2.8036762339043265e-12,6.7452133628349582e-20,7.2422762108520710e-17,-4.8911351144497638e-28,-1.4411801239723401e-29,1.4120271812486588e-15,1.1850650638960147e-16,1.1495031022236819e-13,2.5390808771363443e-15,1.3638002819619094e-01,0.0000000000000000e+00,-6.0526038127998703e-44,-1.6574018164083768e-45,-3.3556044208388920e-32,-1.1125581439525036e-34,-3.3870398648658993e+04,0.0000000000000000e+00,0.0000000000000000e+00,0.0000000000000000e+00,
0.0000000000000000e+00,0.0000000000000000e+00,1.8505601958695017e-01,5.9976717237839650e-07,2.2817291252555587e-08,4.6339473810059712e-06,1.2405276046973604e-02,8.4730597372352319e-05,1.6281899376777636e-02,1.3964458509862363e-07,7.9160573882618915e-09,-1.1910400096630855e-28,-3.5212644253166780e-27,-1.4168311496381650e-24,-4.4248901491446128e-26,-9.3262735170634129e-24,-6.3590004188808088e-24,1.6666282644846211e-05,1.9880860598542226e-02,3.1390229427887264e-14,3.3460672666313979e-16,-3.9670738113120156e-26,-7.8042840653890634e-27,-9.9565772601983639e-25,-6.9966508670186770e-33,-1.1610189145478707e-29,-5.3065215655721171e-36,-1.9732668570226683e-35,-5.5017104853002655e-36,-3.5430406297218183e-37,-1.0324435674334589e-25,-1.3904616371551464e-25,-2.9623305795643582e-29,1.8743286937850336e-12,1.8066563535158567e-13,4.5540950723613040e-14,2.3332193425027124e-13,1.0375829833544440e-12,1.3191693587943770e-06,2.4748624403929517e-09,3.9867822188634938e-08,2.8037523975244506e-12,6.7456342760924976e-20,7.2425835021490012e-17,-4.8837487319196682e-28,-1.4419275136482560e-29,1.4117403025889211e-15,1.1850801310344000e-16,1.1495255522436724e-13,2.5391670059251445e-15,1.3637980187916998e-01,0.0000000000000000e+00,-5.9838585087860239e-44,-1.6579065934642113e-45,-3.3565122996822794e-32,-1.1126739923166037e-34,-3.3870342536602118e+04,0.0000000000000000e+00,0.0000000000000000e+00,0.0000000000000000e+00,
0.0000000000000000e+00,0.0000000000000000e+00,1.8505520728511099e-01,5.9983456462052922e-07,2.2820881361112424e-08,4.6344275788589489e-06,1.2405190448653050e-02,8.4735253812983347e-05,1.6281911270010593e-02,1.3964894001034310e-07,7.9164152991710885e-09,-1.1863894370432053e-28,-3.5237606744800082e-27,-1.4192785412663626e-24,-4.4322835486223750e-26,-9.3504847536992453e-24,-6.3802696726180677e-24,1.6668360527592366e-05,1.9880773302447832e-02,3.1397985415437567e-14,3.3467535485331604e-16,-3.9573731766690088e-26,-7.8170734056766965e-27,-9.9843098808342250e-25,-6.9969201797236404e-33,-1.1617199021540301e-29,-5.3049804272239610e-36,-1.9722614220381950e-35,-5.4994471392216359e-36,-3.5261471904210992e-37,-1.0342400502929691e-25,-1.3936610127445617e-25,-2.9663917040068631e-29,1.8745570260442626e-12,1.8070196959476974e-13,4.5547859299563062e-14,2.3334583451877244e-13,1.0377472782126208e-12,1.3191767298337762e-06,2.4748759608059264e-09,3.9871599148941303e-08,2.8040257226113153e-12,6.7472752016247830e-20,7.2438525733322466e-17,-4.8602748293209034e-28,-1.4431840617536508e-29,1.4107918147086112e-15,1.1851645773771063e-16,1.1496268999673627e-13,2.5395192769851397e-15,1.3637911773017400e-01,0.0000000000000000e+00,-5.9904042267076634e-44,-1.6661829393591007e-45,-3.3577844890164836e-32,-1.1129399266251305e-34,-3.3870050994481448e+04,0.0000000000000000e+00,0.0000000000000000e+00,0.0000000000000000e+00,
0.0000000000000000e+00,0.0000000000000000e+00,1.8505326577079709e-01,6.0004330903601103e-07,2.2832079386453843e-08,4.6359274988051425e-06,1.2404979043805012e-02,8.4749755292410373e-05,1.6281933037436584e-02,1.3966246019936805e-07,7.9175254861391639e-09,-1.1023777717394683e-28,-3.5232972403533505e-27,-1.4194618849354809e-24,-4.4327885018828681e-26,-9.3551433199073242e-24,-6.3869494961602941e-24,1.6675076173661659e-05,1.9880570483173085e-02,3.1422621876567548e-14,3.3489399194071446e-16,-3.9325903415648729e-26,-7.8178779012964306e-27,-9.9904539981094400e-25,-6.9949311325934717e-33,-1.1617150112751821e-29,-5.2934044488505213e-36,-1.9058538257723913e-35,-5.4709830161673813e-36,-2.4905410330977537e-37,-1.0343579812191260e-25,-1.3941698439618148e-25,-2.9682976492766416e-29,1.8752702924162992e-12,1.8081867534522068e-13,4.5570345593098637e-14,2.3342517508084074e-13,1.0382599113041652e-12,1.3191432718263852e-06,2.4748276408626101e-09,3.9884499020215823e-08,2.8048633852168843e-12,6.7528930473717083e-20,7.2485675658575471e-17,-4.7948395310604646e-28,-1.4431507165676489e-29,1.4088882289210178e-15,1.1855657450951861e-16,1.1500197489691014e-13,2.5407738269508528e-15,1.3637749658094897e-01,0.0000000000000000e+00,-5.9905367606026471e-44,-1.6876352635074267e-45,-3.3575691904078420e-32,-1.1125011787746798e-34,-3.3868995764389489e+04,0.0000000000000000e+00,0.0000000000000000e+00,0.0000000000000000e+00,
0.0000000000000000e+00,0.0000000000000000e+00,1.8504973837799238e-01,6.0061079193514120e-07,2.2862736764139699e-08,4.6400331565721928e-06,1.2404571174413207e-02,8.4789098335637434e-05,1.6281963823337159e-02,1.3969856259245909e-07,7.9205457910714929e-09,-1.1096566067166114e-28,-3.5038276622164276e-27,-1.4138022406143208e-24,-4.4148585059671239e-26,-9.3283012923379199e-24,-6.3744602319628293e-24,1.6694067341029495e-05,1.9880190210336105e-02,3.1491197477327471e-14,3.3550154595064577e-16,-3.8619968579298581e-26,-7.7862952599896399e-27,-9.9641256868033669e-25,-6.9536356423360829e-33,-1.1564069925934136e-29,-5.2237598970729605e-36,-2.2675810784672872e-35,-5.0577563593006921e-36,-3.2953120655371586e-36,-1.0301363876975690e-25,-1.3899014955372990e-25,-2.9666071055004185e-29,1.8771785486323609e-12,1.8114718151026276e-13,4.5634156913719077e-14,2.3365395166491437e-13,1.0396618486317678e-12,1.3188142797537589e-06,2.4743204608718126e-09,3.9923626271161902e-08,2.8070636337782022e-12,6.7699327248700623e-20,7.2644658980689129e-17,-4.6339222726298437e-28,-1.4355803892936564e-29,1.4080463157152942e-15,1.1871934478230336e-16,1.1513347288463265e-13,2.5446822513126584e-15,1.3637455727416856e-01,0.0000000000000000e+00,-5.8488682668606044e-44,-1.7138046491021469e-45,-3.3381631100264633e-32,-1.1049776232057198e-34,-3.3866240433729246e+04,0.0000000000000000e+00,0.0000000000000000e+00,0.0000000000000000e+00,
0.0000000000000000e+00,0.0000000000000000e+00,1.8504502597301237e-01,6.0198734537215680e-07,2.2937625891801977e-08,4.6500429957399008e-06,1.2403955494752488e-02,8.4883667375246002e-05,1.6282010308527949e-02,1.3978299174773755e-07,7.9278761772984749e-09,-9.9755906384303562e-29,-3.3839600317141922e-27,-1.3675048299799475e-24,-4.2701307105029004e-26,-9.0375485919545883e-24,-6.1887317133656947e-24,1.6741739632586190e-05,1.9879582531186067e-02,3.1661174891098520e-14,3.3699842840611294e-16,-3.6680274918663493e-26,-7.5312427955286930e-27,-9.6581834877720102e-25,-6.7386820525871846e-33,-1.1220368835492194e-29,-9.1576227156083636e-36,-1.3259429866346917e-34,-1.1577789570028455e-34,8.1354271888377239e-37,-9.9605853091275516e-26,-1.3468479224959532e-25,-2.9267187567669063e-29,1.8816273922709298e-12,1.8197051437186623e-13,4.5794609278802146e-14,2.3423633728767169e-13,1.0430783722741956e-12,1.3176245777870321e-06,2.4725252413656667e-09,4.0029751701402909e-08,2.8121240102406461e-12,6.8162169287786328e-20,7.3127794951404376e-17,-4.2922149140779583e-28,-1.3868767245722413e-29,1.4085172997715951e-15,1.1927906558267789e-16,1.1551663786769607e-13,2.5554341500622560e-15,1.3637062419713031e-01,0.0000000000000000e+00,-1.7132419629654650e-43,-1.8230345335996129e-45,-3.2268252376705254e-32,-1.0682094017375041e-34,-3.3861000932568524e+04,0.0000000000000000e+00,0.0000000000000000e+00,0.0000000000000000e+00,
0.0000000000000000e+00,0.0000000000000000e+00,1.8504076097129230e-01,6.0503576204751627e-07,2.3104648140868128e-08,4.6722882466889419e-06,1.2403207760155023e-02,8.5090284377341120e-05,1.6282114538730443e-02,1.3996170248604590e-07,7.9441168060100303e-09,-7.8466862814292587e-29,-3.0714373411188388e-27,-1.2340459238259062e-24,-3.9190897220158953e-26,-8.1529297110999412e-24,-5.5925263771430749e-24,1.6850199749000912e-05,1.9878694558092651e-02,3.2045262409935836e-14,3.4035087050120050e-16,-3.2604388223875228e-26,-6.8850465635393913e-27,-8.7172034033182411e-25,-6.1458768087186921e-33,-1.0231288957855397e-29,-7.2160901428226749e-36,-9.9892433471514149e-35,-8.5633405745748523e-35,-1.2154251351575917e-37,-8.9752872392117960e-26,-1.2165630416065895e-25,-2.7675402913288183e-29,1.8909729638231134e-12,1.8385010291811647e-13,4.6160632647386226e-14,2.3557602932775239e-13,1.0506759503729882e-12,1.3146826814981901e-06,2.4682491517119216e-09,4.0289123721897025e-08,2.8227772201216581e-12,6.9298568526491756e-20,7.4428612633377791e-17,-3.6920794582066103e-28,-1.2522571595350709e-29,1.4200977641755598e-15,1.2089373319643221e-16,1.1649700407352988e-13,2.5818599481676115e-15,1.3636706428572409e-01,0.0000000000000000e+00,-1.2493807967310067e-43,-1.7284609760620130e-45,-2.9211502417137574e-32,-9.7342217775811039e-35,-3.3853696217351280e+04,0.0000000000000000e+00,0.0000000000000000e+00,0.0000000000000000e+00,
0.0000000000000000e+00,0.0000000000000000e+00,1.8503920185730144e-01,6.1135426314028611e-07,2.3453550880558265e-08,4.7185140579871359e-06,1.2402433168302451e-02,8.5512448585422745e-05,1.6282343049232983e-02,1.4031849080642823e-07,7.9777855487145306e-09,-6.2997769154901815e-29,-2.4835007165595029e-27,-9.9883070597251746e-25,-3.1259568683439518e-26,-6.5863901757428086e-24,-4.5150419521670312e-24,1.7079227294127100e-05,1.9877517187446122e-02,3.2858491310956724e-14,3.4737721798416338e-16,-2.5990831149381241e-26,-5.5095817744007839e-27,-7.0463261788078357e-25,-5.0960604689403695e-33,-8.4567917857856142e-30,-1.0017899252807751e-35,-3.3466454930635400e-34,-2.8612041756338286e-34,-8.8340743725582512e-37,-7.2585629951057644e-26,-9.8510287287792318e-26,-2.4086925045933519e-29,1.9094273162734787e-12,1.8786138759610781e-13,4.6938307168560089e-14,2.3843184297590640e-13,1.0665074300617837e-12,1.3091853985782633e-06,2.4608018423869628e-09,4.0866677178421777e-08,2.8444976307459747e-12,7.1848290533806460e-20,7.7512906777597417e-17,-2.8501834147808381e-28,-1.0178222652854917e-29,1.4641288449270635e-15,1.2480648634213710e-16,1.1872210458766565e-13,2.6406651936268350e-15,1.3636575991023284e-01,0.0000000000000000e+00,-2.6621008048873210e-43,-1.6344638350312635e-45,-2.3934103666278118e-32,-8.0552180905834181e-35,-3.3845959530898857e+04,0.0000000000000000e+00,0.0000000000000000e+00,0.0000000000000000e+00,
0.0000000000000000e+00,0.0000000000000000e+00,1.8503924496499566e-01,6.2388782707973901e-07,2.4152787920266691e-08,4.8104042171723383e-06,1.2401742423525314e-02,8.6338187590378343e-05,1.6282667308577661e-02,1.4101453750969039e-07,8.0445661264788547e-09,-3.7007578217773798e-29,-1.9134344369278711e-27,-7.1764065613334695e-25,-2.5301418896448893e-26,-4.6463846609586409e-24,-3.1690358132009356e-24,1.7538329797736396e-05,1.9876339237103139e-02,3.4517384092704162e-14,3.6154320189101261e-16,-1.9643737338219279e-26,-4.4077071596249420e-27,-4.9789095368082151e-25,-3.4415446132985541e-33,-5.6557869927379440e-30,-5.9244689895871470e-36,-2.0093688664745331e-34,-8.0589203579922762e-33,-5.1041063667601343e-32,-5.1411540263407251e-26,-6.9728380162271869e-26,-9.6912075777611166e-30,1.9448893431596940e-12,1.9607418355323050e-13,4.8514752222182986e-14,2.4419822650276608e-13,1.0981860302759340e-12,1.3009148664379860e-06,2.4511252551647637e-09,4.2057966181792105e-08,2.8890441397513953e-12,7.7181523802441038e-20,8.4079245265666428e-17,-1.9076885490937096e-28,-7.3907844244848278e-30,1.5653254308431292e-15,1.3293258523084523e-16,1.2326665991686351e-13,2.7611474261786311e-15,1.3636578956859458e-01,0.0000000000000000e+00,-7.7104246281682395e-41,-7.7013593411688352e-43,-1.7434525928753707e-32,-5.9748657483665973e-35,-3.3838972205706013e+04,0.0000000000000000e+00,0.0000000000000000e+00,0.0000000000000000e+00,
0.0000000000000000e+00,0.0000000000000000e+00,1.8504314159982327e-01,6.4812976469680092e-07,2.5527108183802952e-08,4.9884614058946127e-06,1.2401394356014133e-02,8.7908040107437038e-05,1.6282275892148958e-02,1.4237070826551002e-07,8.1737035636613361e-09,-2.1571235930447504e-29,-2.1876296832769816e-26,-5.9983589496882577e-24,-4.2623427787232412e-25,-3.4447184908513537e-22,-1.8029754757423528e-22,1.8429430517799805e-05,1.9875922607952370e-02,3.7871669620971788e-14,3.8971152595953481e-16,-6.6123560532154101e-25,-2.0139257961223334e-25,-1.8048744499559560e-23,-6.6990697100237185e-32,-1.0723157071528846e-28,-5.4164484743870385e-32,-5.5074629418104872e-30,-5.0275908107875347e-31,-2.8294417240164976e-30,-2.0586725624522884e-26,-2.9194066118890077e-26,-1.6197754590368062e-27,2.0123405629750434e-12,2.1263515520770196e-13,5.1629224722677985e-14,2.5542163400014660e-13,1.1603991917439274e-12,1.2902109357215517e-06,2.4422100480814820e-09,4.4380949250313237e-08,2.9814045559644694e-12,8.7948561631735481e-20,9.7243270459906185e-17,-8.9638369384469215e-29,-6.9211827181154994e-29,1.7493871623698580e-15,1.4802505809218273e-16,1.3178276830468292e-13,2.9935506793481936e-15,1.3636875138214233e-01,0.0000000000000000e+00,-7.3928652379088623e-40,-2.8720292405750944e-41,-8.2140644904955410e-33,-1.3725402859344023e-31,-3.3833172396607122e+04,0.0000000000000000e+00,0.0000000000000000e+00,0.0000000000000000e+00,
0.0000000000000000e+00,0.0000000000000000e+00,1.8505720836135542e-01,6.9468356354252945e-07,2.8239711060450300e-08,5.3308530193476028e-06,1.2401394356014133e-02,9.0840354414074319e-05,1.6280625475951153e-02,1.4505409078974954e-07,8.4215713696410520e-09,-7.0100824869362500e-30,-6.1977865125919105e-27,-5.1849454587901665e-25,-1.5373473489394608e-25,1.1678194769594003e-20,-4.2935327219497844e-23,2.0135972568215175e-05,1.9875956639507007e-02,4.4829275155132931e-14,4.4651143477408835e-16,-2.9536498506359934e-25,-8.7185545384888363e-26,-6.4518197501551536e-24,-7.0067538389015919e-30,-1.0620762977915176e-26,-3.2200774172025157e-32,-3.3560026517865014e-30,-2.5685601358729375e-31,-1.6867021923641912e-30,9.1897888720677027e-26,1.1369956074756302e-25,-1.5347176796764922e-25,2.1403846871568486e-12,2.4653622873054212e-13,5.7755029539762326e-14,2.7678697184180251e-13,1.2831288369655635e-12,1.2772979224153436e-06,2.4383953044477397e-09,4.8742465654364252e-08,3.1743946674793107e-12,1.1006495387424736e-19,1.2410562694114890e-16,8.7348861858873830e-29,-1.0079780376345495e-29,2.0985854487811118e-15,1.7488156952436047e-16,1.4674565368104409e-13,3.4274448861999871e-15,1.3637905649175755e-01,0.0000000000000000e+00,-9.8916430785848463e-40,-2.4338559394569167e-41,3.0882501032361779e-32,-1.2725124354550172e-31,-3.3841140257548926e+04,0.0000000000000000e+00,0.0000000000000000e+00,0.0000000000000000e+00,
0.0000000000000000e+00,0.0000000000000000e+00,1.8509179080707353e-01,7.8531226253284316e-07,3.3780271493302538e-08,5.9978818398860995e-06,1.2402054703034338e-02,9.6278505463641539e-05,1.6277794164310608e-02,1.5056969350476123e-07,8.9028993305133773e-09,9.4565699450502940e-30,-6.9182635889827567e-27,-2.1054351072430314e-24,-6.5256513185179865e-26,1.7760872639632963e-20,1.1021830563504632e-20,2.3428237820384049e-05,1.9877120282203571e-02,6.0359112217767176e-14,5.6716068587281878e-16,-4.2133338676858442e-26,-9.9298579883968240e-27,-1.1276206570560417e-24,-4.0276214646511311e-29,-5.5546818069643037e-26,-3.5828751258550212e-32,-4.7024952660058752e-32,-1.6513543017139570e-33,-9.1039839997531273e-33,-1.3462055000651379e-25,-1.4783851666453912e-25,-6.9946356092640339e-25,2.3860468849301475e-12,3.1969571202916080e-13,7.0025792131454979e-14,3.1697417414069328e-13,1.5336486905254540e-12,1.2614589370642901e-06,2.4383955491664054e-09,5.6699107543833197e-08,3.5870637794869035e-12,1.5925997522950837e-19,1.8441987002147358e-16,-8.8537736911426265e-28,-2.7128941785674499e-29,2.8645294566332108e-15,2.2362562217259787e-16,1.7179015523192889e-13,4.2341121633796403e-15,1.3640397071175384e-01,0.0000000000000000e+00,-4.3788229024789512e-38,8.4595832633567380e-43,-6.9637688865567209e-32,-4.0559000098732097e-34,-3.3869917741236110e+04,0.0000000000000000e+00,0.0000000000000000e+00,0.0000000000000000e+00,
0.0000000000000000e+00,0.0000000000000000e+00,1.8516795867888713e-01,9.6879173624372783e-07,4.5974644241846288e-08,7.3489022872723308e-06,1.2405290383361202e-02,1.0640008376970578e-04,1.6274172099322061e-02,1.6268330075108553e-07,9.8668670061206209e-09,-2.8510814632838333e-27,-7.8197744351896709e-25,-2.0075229349392185e-21,-3.8481229025606571e-24,2.9976250889542859e-20,1.6829944210750344e-20,2.9990818834565202e-05,1.9878844309800255e-02,1.0035506599366444e-13,8.5229733851980403e-16,-1.1999254385967526e-24,-1.5808380742366750e-25,-1.3451892170538517e-23,-8.6192776260073202e-29,-6.3144370427464735e-26,-1.3909667854700174e-28,-3.9929074739508389e-28,-7.2610181008373555e-29,7.7076670743323242e-33,-9.0902685831198020e-25,-9.3882001878628967e-25,-7.4755776354200450e-25,2.8720816728354151e-12,4.9390186247540997e-13,9.5582998406288090e-14,3.9155555983333426e-13,2.0844666346594880e-12,1.2401326822218131e-06,2.4427567478379738e-09,7.0695871529072391e-08,4.5230447970342635e-12,2.8751949483385766e-19,3.4668544726372255e-16,-3.2631266259352393e-27,-2.2010120542018169e-27,4.0414108258066302e-15,3.2031869206022250e-16,2.1178548595120603e-13,5.7630936490230294e-15,1.3645948642635083e-01,0.0000000000000000e+00,-9.4959633566577552e-33,2.7804608525477748e-37,-4.1323047765034961e-30,-3.5729105218531039e-29,-3.3930044948911534e+04,0.0000000000000000e+00,0.0000000000000000e+00,0.0000000000000000e+00,
0.0000000000000000e+00,0.0000000000000000e+00,1.8533249164632357e-01,1.3688330981702567e-06,7.6617169798828945e-08,1.0297565389273253e-05,1.2415201083944402e-02,1.2554818358560154e-04,1.6270935654680570e-02,1.9190179198189380e-07,1.1894726329049717e-08,-8.8998567293786276e-24,-6.2900656358640633e-22,1.2230469662965854e-20,-1.0139316579203428e-22,5.2155171013971064e-20,1.6078112563799123e-20,4.3991206774362700e-05,1.9869678033265836e-02,2.3204018329438546e-13,1.6638795233799984e-15,-4.5040725846038966e-23,-2.8371484617056698e-24,-1.4643701316230126e-21,-7.1045640196931773e-26,-2.3213926651247535e-23,-5.0852093908020143e-24,-1.5155434078933138e-23,-3.2386842480625847e-24,5.3846409120813921e-28,-3.1717476073184895e-22,-1.4860624321800538e-23,-4.0200653280127686e-25,3.8910360089355314e-12,9.7495129719759887e-13,1.5152930481527140e-13,5.2452127140279447e-13,3.4659097339617854e-12,1.2062630542305194e-06,2.3691385284146304e-09,9.3616958357074353e-08,6.8800710082751532e-12,7.7588164261475813e-19,1.0468210882633067e-15,-4.5572105062818842e-27,-5.1100194612155662e-25,5.2704216695371113e-15,5.9373321848653643e-16,2.7390795042539259e-13,8.8193013177563850e-15,1.3658145174015243e-01,0.0000000000000000e+00,-1.8241587681013358e-27,9.5542636537434665e-32,-2.1172172897965665e-25,-4.7343852934707759e-24,-3.4077537555912299e+04,0.0000000000000000e+00,0.0000000000000000e+00,0.0000000000000000e+00,
0.0000000000000000e+00,0.0000000000000000e+00,1.8571992312679900e-01,2.3614348061557442e-06,1.7268157702552553e-07,1.7639454182433513e-05,1.2445785636748896e-02,1.6320091690939402e-04,1.6270617150398591e-02,2.7173026404469016e-07,1.6478001838196025e-08,-3.3510022628853323e-20,-1.3720416352269083e-18,-1.0750328868093038e-17,-1.0726043075611413e-18,-2.0451789083554254e-16,4.6162103289059355e-20,7.7737961553695585e-05,1.9831209556260380e-02,8.7611011090943625e-13,4.7847972300993039e-15,-1.1489889138251698e-18,-1.1701765699335851e-21,-4.4199208746421386e-18,-2.2532198759713261e-21,-8.2621652410594617e-19,-1.8371755407407200e-19,-2.6347047029144547e-20,-9.9129796455899382e-20,4.4952657296927308e-23,-2.1711744362347859e-18,-9.7907362641318232e-19,-6.5640935836397779e-20,6.2395290912245649e-12,2.5843133242367371e-12,2.7811211045890970e-13,7.3345838617878088e-13,7.7778292021048291e-12,1.1370510431794969e-06,1.9868490399991793e-09,1.2527586586476429e-07,1.3726258478637944e-11,5.3063655820406633e-18,8.2327235291325026e-15,-2.8876585787284013e-21,-3.1252107027445280e-21,8.8819757379692811e-15,2.0930439630052463e-15,3.9624005435402814e-13,1.6279177326113638e-14,1.3687078920406881e-01,0.0000000000000000e+00,-3.5349091764171145e-22,3.1720341778874685e-26,-4.4804048689383713e-21,-3.7189137476751902e-19,-3.4605879294273735e+04,0.0000000000000000e+00,0.0000000000000000e+00,0.0000000000000000e+00,
0.0000000000000000e+00,0.0000000000000000e+00,1.8687105672451862e-01,5.4441312881486832e-06,6.0892927619431540e-07,4.0729268466723986e-05,1.2563086368068544e-02,2.4355497024147141e-04,1.6274895284586637e-02,5.3498550844580700e-07,2.8259237406554220e-08,-1.2459635299990072e-16,-1.6297770632115923e-15,-2.4744936242323759e-14,-2.1452252521566361e-15,-4.7151585874186738e-13,6.9248223343159262e-16,1.7866192913468400e-04,1.9527248446150156e-02,6.8097319384263924e-12,-1.0003844800601772e-12,-4.4682286852304498e-15,2.2209215547834379e-20,-3.2383465855458512e-15,-1.1746524925007308e-16,-4.4151593477666477e-14,-6.2320376836606663e-15,6.9572806800017636e-20,-1.3919300329705139e-17,3.7306743406976952e-18,-1.5204008428462087e-14,-1.3971163635685535e-14,-8.7689866691906582e-16,1.2438486986362926e-11,9.3718662908713903e-12,5.5774834636572319e-13,9.6221106374734192e-13,2.7118110130916461e-11,9.3157481755916533e-07,1.1002925872865402e-09,1.3085069886290883e-07,3.6555077109541030e-11,2.3109815226032974e-16,2.9418185021802643e-13,-6.2441372872614617e-15,-9.9149419183257028e-18,3.7317697914397589e-14,2.5184837619979432e-14,1.5051091273235404e-12,7.7968977224254206e-14,1.3773101271917906e-01,0.0000000000000000e+00,-6.2196238277906836e-17,1.0632049956193898e-20,-1.6529302014765739e-15,-3.0495231344327943e-14,-3.7862724416265039e+04,0.0000000000000000e+00,0.0000000000000000e+00,0.0000000000000000e+00,
0.0000000000000000e+00,0.0000000000000000e+00,1.9262010449953795e-01,1.8984231138144479e-05,1.7239987888710728e-10,6.2407100008533283e-09,1.3334061464823370e-02,1.2163060473525391e-07,1.0375005964889349e-02,1.7888500914839068e-06,7.2296250054790758e-08,-2.0603307811980604e-15,-5.1215217524038276e-12,1.3931540892118201e-13,4.6171771808857296e-14,1.1913521409563382e-11,7.8347742970534278e-11,7.2747446400023275e-04,2.5995398582532268e-03,1.9395834292729191e-10,2.2045787402806749e-11,1.2753967031273859e-13,3.2145065528828110e-14,9.1319996167348316e-13,-1.2252052998860546e-12,-6.0154429838581778e-14,-1.5332489817829332e-14,4.5193407199338127e-14,-4.5069470297610712e-14,3.5862991750493850e-13,8.7005676026394789e-14,1.8562729530296534e-12,-8.7689866691906582e-16,1.0919750192845232e-15,2.0217951929717485e-13,2.5615567948504194e-12,2.4781141123785351e-12,6.5220882615024306e-17,4.9252751187245693e-08,7.4698208389821881e-10,1.1371792950381959e-08,6.3563948144158274e-11,-9.1239418920162127e-17,1.8757915374492376e-10,4.3775566180485329e-16,-7.7866794842035376e-12,4.4259271738236150e-12,3.2196229738301470e-12,1.7386583229784449e-10,1.5038990075831404e-11,1.4203378189273141e-01,0.0000000000000000e+00,-1.5097435444004557e-13,-3.8074824429383947e-12,-1.6529302014765739e-15,-7.6788209750680120e-14,-1.2346840597419390e+05,0.0000000000000000e+00,0.0000000000000000e+00,0.0000000000000000e+00,
0.0000000000000000e+00,0.0000000000000000e+00,6.6833436467315688e-01,1.8616794159696178e-05,-3.3764118571241107e-14,1.4339559046375052e-12,1.3884524173964355e-01,2.8857725824370310e-15,1.3554015657611136e-06,9.3613719924217266e-10,1.3311989707546142e-09,-1.3996022129334824e-17,-3.2922427867328676e-12,-2.2569861912621341e-14,-8.2121377271719983e-16,1.2426229586420588e-11,2.2104843743848419e-02,1.2143367787857851e-07,6.0100110077965850e-09,-3.9832820785036864e-14,3.3794139747082575e-10,-1.1620679832258031e-24,3.7278685645563397e-15,2.8352498588743289e-11,-8.1643923036456594e-12,2.2876404293102035e-12,-1.0713297470383542e-18,6.1849937195166617e-11,-5.3725459876585127e-24,4.6576876594187126e-11,-5.9123042523145580e-16,7.5435335590363390e-13,1.4737322706482045e-16,-3.5846118270417506e-17,-2.2242637198747489e-25,2.8028132126099828e-13,2.7487504880174366e-14,-6.5597892903633648e-21,9.3429575827114266e-13,1.7195617007564712e-12,2.3360577767768965e-14,3.1280263844702029e-15,-5.8341947059335342e-15,1.3316565865658312e-14,3.4318527164319094e-18,-4.4871393957267731e-12,1.2407748327351935e-15,1.2825939961993327e-17,1.1623335973179689e-14,3.3240634753131565e-17,4.9163975469388566e-01,0.0000000000000000e+00,3.0150681754344256e-19,1.1517955145072455e-14,-5.2842573655357376e-24,3.4534627636178557e-13,-2.0895610339132461e+05,0.0000000000000000e+00,0.0000000000000000e+00,0.0000000000000000e+00,
0.0000000000000000e+00,0.0000000000000000e+00,1.1436649022315166e+00,1.7825699706560156e-06,-3.1086304884159345e-20,3.7328648419046688e-15,2.5591526769236350e-01,2.1995110378735412e-18,3.5977780357986549e-09,1.9076473735126593e-12,2.7323571791369341e-12,-7.6753370813736260e-33,-2.0438152675155309e-29,-3.7965127142616366e-27,-1.3881447572379672e-28,2.9745279127686993e-14,4.4906583852854183e-02,2.5295011920977591e-10,5.7987279018310526e-12,-9.8087289578582124e-26,3.1604147741375350e-13,-3.5522152148200130e-28,1.4614195634615699e-20,2.5401968911599647e-14,-1.2752342169201174e-34,2.5590956430575528e-15,-2.0422071965326721e-30,6.2577333698993244e-14,-7.7405321797571177e-25,3.8413658897953472e-14,-2.0651375138491918e-27,4.9888338322119746e-16,8.2839775631585467e-20,-4.4593482932598130e-23,-2.0062858921504865e-25,2.6645962778852673e-15,6.7926839338126426e-17,-2.6941781513746702e-35,1.8387305614135371e-15,2.1668601688230908e-15,2.2022591083384608e-17,6.3225063028426117e-18,-9.9544718386227641e-39,1.2041252182147024e-17,-3.6978028305191320e-25,-1.0153312136110676e-30,1.1846384031691802e-18,-3.5139855082831800e-25,1.1115601313477347e-17,1.2106939018315605e-20,8.4282294828454762e-01,0.0000000000000000e+00,-1.5576588580793880e-24,5.4882908812507612e-18,-3.3854171503539295e-24,2.1919907079429819e-16,-2.0900947102217397e+05,0.0000000000000000e+00,0.0000000000000000e+00,0.0000000000000000e+00,
0.0000000000000000e+00,0.0000000000000000e+00,1.1439339429669997e+00,3.4986499725531538e-07,-1.0089814916682721e-27,2.9549913940167477e-16,2.5597954499180392e-01,1.7364781757143283e-19,2.3330272343902111e-10,1.1678899295197490e-13,1.6641851862675515e-13,-2.1334344298916230e-45,-9.3774025405707015e-49,-2.2560468453199432e-32,-7.0008858340908192e-34,1.9613943730950789e-15,4.4918551481662398e-02,1.5463803310565742e-11,2.9070765741730451e-13,-1.2740671885988464e-30,1.5699714626946078e-14,-3.1127247322196269e-33,-3.2976648523251481e-23,1.2459731705379550e-15,-8.5600676415980280e-46,1.3351435104764096e-16,-4.9050785486269782e-36,3.1769609923399970e-15,-4.7826060322578164e-30,1.8413315481216386e-15,-3.5904165770445893e-32,2.2337780757997057e-17,-2.0113946261799867e-23,-1.5532123449400479e-24,-1.3487695924025293e-28,2.3556819936298908e-16,4.3232271725013945e-18,-2.6886397662503802e-36,1.1175434731824499e-16,1.1657780270560118e-16,1.0972408400449636e-18,3.8481282108179166e-19,-1.4291364948696873e-46,5.9184312177015148e-19,-1.4318209520058290e-24,-1.3101379940068820e-47,5.9207741352644196e-20,-1.4471754149710964e-24,5.5555319250757683e-19,-9.1308530723735235e-25,8.4303406006190995e-01,0.0000000000000000e+00,-1.6090273904997873e-24,2.1971779149842526e-19,-5.0908106551458567e-29,9.7521112530270105e-18,-2.0901318023314938e+05,0.0000000000000000e+00,0.0000000000000000e+00,0.0000000000000000e+00,
0.0000000000000000e+00,0.0000000000000000e+00,1.1439524808793919e+00,1.6030716666311756e-07,-1.3222220094558900e-29,1.0714314824749553e-16,2.5598398845015297e-01,6.2960604007420490e-20,7.6787596570589867e-11,3.7513981354124437e-14,5.3340316902772032e-14,-5.4857238578386656e-48,-1.8228170380374803e-50,-8.8260456778492517e-35,-3.0652766786745708e-36,6.4759046745778308e-16,4.4919352191888848e-02,4.9644585864723376e-12,8.5007857760123961e-14,-4.2073765673782450e-33,4.5694518795982779e-15,-1.0042876381202436e-35,-2.8362296001633635e-25,3.6027849242768501e-16,-2.9255411716529719e-48,3.9830339167751054e-17,-1.6259704551359117e-38,9.3491702033204039e-16,-1.0569196714180293e-32,5.2578014448452072e-16,-1.2306105925364287e-34,6.1505770859911010e-18,-1.2848726795672592e-24,-1.4751701277491606e-29,-8.3003494475683509e-31,8.6727099117073026e-17,1.4117336732108384e-18,-3.9937167972576037e-38,3.5786567334889021e-17,3.5302681349225149e-17,3.1983793175272435e-19,1.2331116858417760e-19,-9.5117233413276819e-48,1.7131640042072906e-19,1.0424739203182559e-25,-1.9619897379205245e-50,1.7286273650459104e-20,-1.4109885129901649e-24,1.6219913751400220e-19,-1.0824668193437259e-24,8.4304879012298783e-01,0.0000000000000000e+00,4.9757207350867881e-27,5.6706495202457817e-20,-1.6987428901849474e-31,2.6756323409492693e-18,-2.0901366817903030e+05,0.0000000000000000e+00,0.0000000000000000e+00,0.0000000000000000e+00,
0.0000000000000000e+00,0.0000000000000000e+00,1.1439549200488115e+00,1.4211619266225007e-07,-1.9190303603035626e-31,1.0331535590824954e-16,2.5598457330514207e-01,6.0712737558383724e-20,7.5664450852037736e-11,3.7079775222186398e-14,5.2735776236257998e-14,-4.6293890772022751e-50,-3.8941848440313947e-54,-4.5508426158847870e-37,-1.7535288342585428e-38,6.3803437404228967e-16,4.4919457582382374e-02,4.9072955309298802e-12,8.4638392619703535e-14,-1.7363248151312292e-35,4.5505973237588030e-15,-3.9902067782101314e-38,-5.2873674796809434e-28,3.5889693126748755e-16,-1.2853542955789671e-50,3.9614892423171288e-17,-6.7737997165686379e-41,9.3055863145932437e-16,-1.5162795188209388e-35,5.2403180347876460e-16,-5.4111667662132790e-37,6.1372021226972810e-18,-1.0019325662276464e-24,-5.2942985079661842e-29,-8.1498183929933876e-33,8.3436527284005696e-17,1.3925210752884648e-18,-5.7688990477860874e-40,3.5384608307987945e-17,3.5078530762175486e-17,3.1849584324037158e-19,1.2191663151607613e-19,5.6965210392605496e-51,1.7065154445614239e-19,1.2109832199694641e-26,-8.8175913538404855e-54,1.7212436337592087e-20,5.2627714828333150e-26,1.6150631127096821e-19,1.3229209884176297e-25,8.4305072877218512e-01,0.0000000000000000e+00,2.3900401946087846e-28,5.6651381901702128e-20,-7.1286155967374767e-34,2.6700570831587017e-18,-2.0901371443136325e+05,0.0000000000000000e+00,0.0000000000000000e+00,0.0000000000000000e+00,
0.0000000000000000e+00,0.0000000000000000e+00,1.1439551542295407e+00,1.4150014383687036e-07,-2.6775939134024956e-32,1.0331169667338702e-16,2.5598462970976388e-01,6.0710585168969814e-20,7.5664372226739309e-11,3.7079759783115433e-14,5.2735756014669321e-14,-1.3138134594538502e-50,-4.8701216519041420e-56,-1.2530833190202843e-37,-4.2582251961691303e-39,6.3803362216328771e-16,4.4919467533801591e-02,4.9072935289844682e-12,8.4638392107553288e-14,-6.4515951266920211e-36,4.5505973035308743e-15,-1.5017090270432289e-38,1.2258241078789395e-28,3.5889693027296124e-16,-4.6756336912157776e-51,3.9614891698855173e-17,-2.4897712122583142e-41,9.3055862323091506e-16,-8.5857909733137737e-36,5.2403180306340813e-16,-1.9648354580009499e-37,6.1372021250239770e-18,4.5876322465081686e-30,-3.5417745052207191e-29,-2.0725829478965135e-33,8.3432746018698654e-17,1.3925196550426807e-18,-8.1498410486164070e-41,3.5384595206723619e-17,3.5078529457499722e-17,3.1849584167083540e-19,1.2191658515911756e-19,-6.2036609194302238e-51,1.7065154394225498e-19,6.7920502701592913e-31,-3.6056733480385231e-56,1.7212436243298726e-20,4.0396468020172433e-30,1.6150631037872415e-19,9.4652056578100941e-30,8.4305091478902894e-01,0.0000000000000000e+00,1.0250753994810427e-33,5.6651382255733444e-20,-2.6313609290480203e-34,2.6700570846354482e-18,-2.0901371599689816e+05,0.0000000000000000e+00,0.0000000000000000e+00,0.0000000000000000e+00,
0.0000000000000000e+00,0.0000000000000000e+00,1.1439551621608470e+00,1.4149446086764955e-07,-2.6999242556193401e-32,1.0331169657449449e-16,2.5598463162061513e-01,6.0710585050124770e-20,7.5664372240914406e-11,3.7079759799008500e-14,5.2735756038929552e-14,-9.1440760253595163e-51,-4.8130898935459273e-56,-1.2530836674671685e-37,-4.2582266263061072e-39,6.3803362222310487e-16,4.4919467870324643e-02,4.9072935311258789e-12,8.4638392370536568e-14,-6.4515961645130659e-36,4.5505973186369453e-15,-1.5017092797916764e-38,1.2258241254762107e-28,3.5889693159233170e-16,-4.6756349085673585e-51,3.9614891787288052e-17,-2.4897718649692382e-41,9.3055862584210244e-16,-8.5857936385049631e-36,5.2403180535538837e-16,-1.9648357830969511e-37,6.1372021654868168e-18,-1.7068278189098304e-33,-3.5367448573757851e-29,-2.0725919167140637e-33,8.3432745878115826e-17,1.3925196533088452e-18,-8.2169932925294222e-41,3.5384595223367993e-17,3.5078529517498177e-17,3.1849584270677569e-19,1.2191658521557701e-19,-6.2059525466213870e-51,1.7065154456031144e-19,-1.5128632790913257e-33,-2.4357855702809752e-56,1.7212436298067241e-20,-2.0672147701209615e-34,1.6150631088893280e-19,-1.1494869474619093e-30,8.4305092108900981e-01,0.0000000000000000e+00,4.1565302094322172e-34,5.6651382672067570e-20,-2.6313613367735744e-34,2.6700571025540427e-18,-2.0901371601042119e+05,0.0000000000000000e+00,0.0000000000000000e+00,0.0000000000000000e+00,
0.0000000000000000e+00,0.0000000000000000e+00,1.1439551622238939e+00,1.4142119007005768e-07,-3.4130969167906755e-32,1.0331168729187523e-16,2.5598463163597918e-01,6.0710578804275243e-20,7.5664372245421273e-11,3.7079759801225332e-14,5.2735756042091761e-14,-8.7469422585028894e-51,-4.3479116988806176e-56,-1.2531764264952595e-37,-4.2585817562665288e-39,6.3803362225616622e-16,4.4919467873031284e-02,4.9072935314201242e-12,8.4638392375588950e-14,-6.4519527934652664e-36,4.5505973189085280e-15,-1.5017927392211893e-38,1.2258239543319852e-28,3.5889693161374419e-16,-4.6759082530528921e-51,3.9614891789655276e-17,-2.4899178904970082e-41,9.3055862589766921e-16,-8.5861868056774858e-36,5.2403180538663565e-16,-1.9649450372735877e-37,6.1372021658522365e-18,-4.4636511116164263e-33,-3.5367450388232289e-29,-2.0731311883442501e-33,8.3432734047601075e-17,1.3925196220733559e-18,-1.0369875256376631e-40,3.5384595225487896e-17,3.5078529519596054e-17,3.1849584272578500e-19,1.2191658522289362e-19,-6.2063422998277203e-51,1.7065154457049330e-19,-1.6245880089138221e-33,-4.7607531562297086e-56,1.7212436210970292e-20,-6.8982480276330249e-34,1.6150631089856909e-19,-1.1500333499431627e-30,8.4305092113966906e-01,0.0000000000000000e+00,4.1319464896821994e-34,5.6651382675433795e-20,-2.6315055465848986e-34,2.6700571027130040e-18,-2.0901371619739220e+05,0.0000000000000000e+00,0.0000000000000000e+00,0.0000000000000000e+00,
0.0000000000000000e+00,0.0000000000000000e+00,1.1439551631870053e+00,1.3796655672191275e-07,-2.1200092709661904e-31,1.0323959521742522e-16,2.5598463186769277e-01,6.0668233508267798e-20,7.5660521122663282e-11,3.7078806984532727e-14,5.2734481668868132e-14,-2.0935875924973420e-50,-7.4025753897393049e-56,-1.6165894882556139e-37,-5.6705732913090127e-39,6.3799865263515796e-16,4.4919467913825825e-02,4.9071693345079346e-12,8.4638271605116389e-14,-7.7901524971815222e-36,4.5505917723274001e-15,-1.8131004515331565e-38,1.1041979991999354e-28,3.5889658192666186e-16,-5.6494183110254888e-51,3.9614782893243673e-17,-3.0089015764261722e-41,9.3055698568249763e-16,-1.0181211984486832e-35,5.2403147755537437e-16,-2.3748757217468833e-37,6.1372012603247738e-18,-2.5140074414543345e-32,-3.5367452114417436e-29,-2.9911235975775082e-33,8.3362637178860673e-17,1.3924594300253802e-18,-6.4361456040736231e-40,3.5383762333193477e-17,3.5078374489163819e-17,3.1849543340578460e-19,1.2191360653801032e-19,-7.4846087815945126e-51,1.7065137065420113e-19,-2.5125852178087442e-33,-8.3757308447965074e-56,2.3715022496310099e-23,-4.5867911525580785e-33,1.6150609034284432e-19,-1.1499476492602348e-30,8.4305092190354325e-01,0.0000000000000000e+00,3.9614869502716104e-34,5.6651382726283762e-20,-3.1757392915125994e-34,2.6700567692196962e-18,-2.0901372497099932e+05,0.0000000000000000e+00,0.0000000000000000e+00,0.0000000000000000e+00,
0.0000000000000000e+00,0.0000000000000000e+00,1.1439552076375812e+00,1.0366944328651590e-07,-1.0932675652616084e-30,9.0338990770376010e-17,2.5598464257726017e-01,5.3088707264447562e-20,6.9907272693572290e-11,3.4594705415487977e-14,4.9241295844716139e-14,-4.6760340196666170e-49,-4.1366163688061216e-52,-3.2370016393267642e-36,-1.2555631285543543e-37,5.8914844180456350e-16,4.4919469800079159e-02,4.5793322753948666e-12,8.1268739532784801e-14,-1.2159009109242319e-34,4.3743171848932176e-15,-2.8000290349775800e-37,-6.8820663031600231e-27,3.4552007030082987e-16,-8.9689177450736038e-50,3.7844816934279585e-17,-4.7682644658990462e-40,8.9211699523702700e-16,-1.5530736140663167e-34,5.0591119368137576e-16,-3.7682434700696798e-36,5.9674409149188480e-18,-7.7065529689289997e-32,-3.5370357539731296e-29,-4.4799255824927936e-32,7.2558292837561582e-17,1.2905707048630406e-18,-3.3338153059763675e-39,3.3051224636457849e-17,3.3372465319204751e-17,3.0590009707922972e-19,1.1316029706133298e-19,-8.2573299099078060e-50,1.6397503614282106e-19,-1.2952555880065014e-32,-3.5959721536437646e-52,-3.2322669121940556e-25,-7.4087009622650783e-32,1.5483106461318882e-19,-1.1263113834069786e-30,8.4305095721293566e-01,0.0000000000000000e+00,2.9392998730085541e-34,5.4739360889004315e-20,-4.9791562228408881e-33,2.5978310165751787e-18,-2.0901381290644803e+05,0.0000000000000000e+00,0.0000000000000000e+00,0.0000000000000000e+00,
0.0000000000000000e+00,0.0000000000000000e+00,1.1439556489997378e+00,3.1615400836139393e-08,-1.1254973847833034e-30,1.7846445538566401e-17,2.5598474852621034e-01,-1.6697339761513600e-25,1.0846482983554181e-11,5.0698407462480862e-15,7.1800411326967175e-15,-5.5759374600308636e-49,-5.8508118658590649e-51,-4.3836319567775298e-36,-1.6335264015655443e-37,9.1550301452302835e-17,4.4919488731005902e-02,6.7026295441576335e-13,9.5323646235537680e-15,-1.8343223988329771e-34,5.0732950806678975e-16,-4.2904268410070011e-37,-1.1581648313682201e-26,3.9442057476936344e-17,-1.3186719118187376e-49,4.6543662543420888e-18,-7.1520829410789059e-40,1.0625012500943090e-16,-2.5222720681188161e-34,5.6012937918839681e-17,-5.5384685891533337e-36,5.9870866450828235e-19,-1.8142311287617746e-26,-3.5661894493512778e-29,-5.1738129900796605e-32,1.4593295091025845e-17,1.9219677421788123e-19,-3.4333673104794344e-39,4.8067511605356129e-18,4.2533224814546329e-18,2.4641041287544429e-20,-2.1156666793309033e-23,-1.1959723982582787e-49,-3.4341761331547463e-23,-1.0451980668203463e-27,-3.7390289506350648e-51,-4.1878569208831958e-25,-4.9142925205438808e-27,4.9176436883697833e-25,-1.2497952461345745e-26,8.4305130799841954e-01,0.0000000000000000e+00,-9.4599235623631749e-30,-3.7996006297579247e-24,-7.4655747349016165e-33,2.5400723645547717e-19,-2.0901400409915662e+05,0.0000000000000000e+00,0.0000000000000000e+00,0.0000000000000000e+00,

32,60
0.0000000000000000e+00,0.0000000000000000e+00,1.1439569813362918e+00,3.1615400837787606e-08,0.0000000000000000e+00,1.7846445539556785e-17,2.5598506405006305e-01,0.0000000000000000e+00,1.0846482984181037e-11,5.0698407465439856e-15,7.1800411331161469e-15,1.0916164222127676e-50,1.7447521148162797e-52,0.0000000000000000e+00,0.0000000000000000e+00,9.1550301457592086e-17,4.4919547662333567e-02,6.7026295445489135e-13,9.5323646241323738e-15,0.0000000000000000e+00,5.0732950809764663e-16,0.0000000000000000e+00,0.0000000000000000e+00,3.9442057479342037e-17,0.0000000000000000e+00,4.6543662546222630e-18,1.4815161367543460e-48,1.0625012501586286e-16,8.8870132148999924e-41,5.6012937922274504e-17,0.0000000000000000e+00,5.9870866454566128e-19,0.0000000000000000e+00,0.0000000000000000e+00,0.0000000000000000e+00,1.4593295091833269e-17,1.9219677422906934e-19,0.0000000000000000e+00,4.8067511608165414e-18,4.2533224817090583e-18,2.4641041289233521e-20,1.1864064576486184e-24,0.0000000000000000e+00,8.4731466900289532e-25,0.0000000000000000e+00,5.2627938274116940e-52,0.0000000000000000e+00,0.0000000000000000e+00,4.9176449963240483e-25,0.0000000000000000e+00,8.4305236962389518e-01,0.0000000000000000e+00,0.0000000000000000e+00,0.0000000000000000e+00,6.6085939364684495e-42,2.5400723647142088e-19,-2.0901400408928265e+05,0.0000000000000000e+00,0.0000000000000000e+00,0.0000000000000000e+00,
0.0000000000000000e+00,0.0000000000000000e+00,1.8505636920926899e-01,5.9974264531909145e-07,2.2815995766713580e-08,4.6337746762506900e-06,1.2405312256469727e-02,8.4728928598358519e-05,1.6281892787205435e-02,1.3964304109190934e-07,7.9159276729754366e-09,-3.9564092762870826e-29,-3.5188146860891045e-27,-1.4152219693954343e-24,-4.4200245504672210e-26,-9.3106932222470176e-24,-6.3454908049987057e-24,1.6665567314405597e-05,1.9880900585964357e-02,3.1387498122160149e-14,3.3458277938698457e-16,-3.9722590548266898e-26,-7.7960179628285380e-27,-9.9388867160113931e-25,-6.9977010948277619e-33,-1.1605807967533675e-29,-5.2298629570384135e-36,-7.3621672100013119e-36,6.1863591659491707e-36,-2.8024648419907007e-37,-1.0311849402100570e-25,-1.3883427836620835e-25,-2.9602855846344616e-29,1.8742486435328653e-12,1.8065301145318149e-13,4.5538605320311391e-14,2.3331406354765602e-13,1.0375238246000109e-12,1.3191663938455426e-06,2.4748563237725578e-09,3.9866581673282307e-08,2.8036542172629392e-12,6.7451002245966026e-20,7.2421975218619528e-17,-4.8935958652395785e-28,-1.4410743989999477e-29,1.4121042328124276e-15,1.1850625876239876e-16,1.1494981373650468e-13,2.5390590821771840e-15,1.3638010375083667e-01,0.0000000000000000e+00,-3.5009349311477813e-44,-1.6226704883074323e-45,-3.3558109737702494e-32,-1.1106421458397548e-34,-3.3870405239780193e+04,0.0000000000000000e+00,0.0000000000000000e+00,0.0000000000000000e+00,
0.0000000000000000e+00,0.0000000000000000e+00,1.8505636886214460e-01,5.9974362446047095e-07,2.2816046927937364e-08,4.6337814602575443e-06,1.2405312218974536e-02,8.4728993423045641e-05,1.6281893129506737e-02,1.3964309955482550e-07,7.9159327978863894e-09,-4.7090259368684296e-29,-3.5187582936354137e-27,-1.4152129909597912e-24,-4.4199951188943133e-26,-9.3106920386575720e-24,-6.3454974706031279e-24,1.6665593748770426e-05,1.9880900538891254e-02,3.1387602372018948e-14,3.3458367780011403e-16,-3.9719575852927262e-26,-7.7959668390817784e-27,-9.9388867656871471e-25,-6.9975674687555745e-33,-1.1605668780505535e-29,-5.2297277396845224e-36,-7.3628654524119466e-36,6.1857858801422878e-36,-2.8038933258642648e-37,-1.0311829687125826e-25,-1.3883428060887658e-25,-2.9602857240202398e-29,1.8742516279811962e-12,1.8065348532596729e-13,4.5538690074258730e-14,2.3331433393005718e-13,1.0375261531115268e-12,1.3191664817527678e-06,2.4748565636943241e-09,3.9866625490548754e-08,2.8036579985894012e-12,6.7451188306087709e-20,7.2422100605890010e-17,-4.8931235608874722e-28,-1.4410527727277523e-29,1.4121039979391325e-15,1.1850628398062862e-16,1.1494988333572421e-13,2.5390625095659141e-15,1.3638010341471785e-01,0.0000000000000000e+00,-3.5005451642981248e-44,-1.6225703022395088e-45,-3.3557486261362299e-32,-1.1106210858777893e-34,-3.3870405238736734e+04,0.0000000000000000e+00,0.0000000000000000e+00,0.0000000000000000e+00,
0.0000000000000000e+00,0.0000000000000000e+00,1.8505636637976577e-01,5.9974824202547773e-07,2.2816289673075611e-08,4.6338137469107155e-06,1.2405311955586062e-02,8.4729304167250992e-05,1.6281894584715132e-02,1.3964338425072619e-07,7.9159571354636159e-09,-3.9820240885215635e-29,-3.5186362736766796e-27,-1.4152102360282915e-24,-4.4199840945820946e-26,-9.3107231985679781e-24,-6.3455664752492222e-24,1.6665724080666625e-05,1.9880900214911720e-02,3.1388106828724773e-14,3.3458807050425072e-16,-3.9707696451815022e-26,-7.7959442520981577e-27,-9.9389269886251371e-25,-6.9971655131995022e-33,-1.1605386815402703e-29,-5.2293307875648396e-36,-7.3640245375083873e-36,6.1852052634421987e-36,-2.8061650137470099e-37,-1.0311834549363150e-25,-1.3883483211825364e-25,-2.9602920247643377e-29,1.8742662840563455e-12,1.8065579909842295e-13,4.5539113335222955e-14,2.3331572578906514e-13,1.0375372239407648e-12,1.3191669996137197e-06,2.4748577409577343e-09,3.9866846667125088e-08,2.8036762341475802e-12,6.7452133837074948e-20,7.2422762109314267e-17,-4.8911101560078514e-28,-1.4410112354861252e-29,1.4121022513215475e-15,1.1850650639086511e-16,1.1495031022313403e-13,2.5390808771518091e-15,1.3638010107813647e-01,0.0000000000000000e+00,-3.4992650123039295e-44,-1.6223261027773815e-45,-3.3555948355988059e-32,-1.1105662863618495e-34,-3.3870398648575669e+04,0.0000000000000000e+00,0.0000000000000000e+00,0.0000000000000000e+00,
0.0000000000000000e+00,0.0000000000000000e+00,1.8505635209208279e-01,5.9976717240498063e-07,2.2817291305396348e-08,4.6339473811649288e-06,1.2405310469590172e-02,8.4730597372760521e-05,1.6281899376818242e-02,1.3964458510355384e-07,7.9160573895325319e-09,-2.8327294675886497e-29,-3.5186040761592650e-27,-1.4152378630751831e-24,-4.4200652161030542e-26,-9.3111658559874000e-24,-6.3460700225651761e-24,1.6666282644920502e-05,1.9880898438417213e-02,3.1390229563803997e-14,3.3460672668016499e-16,-3.9670673865445036e-26,-7.7960234111503022e-27,-9.9394571716046229e-25,-6.9964806453284295e-33,-1.1605334730848404e-29,-5.2289931987520211e-36,-7.3859101259212824e-36,6.1842602710979740e-36,-2.8435488313605702e-37,-1.0312112942657226e-25,-1.3884123281222375e-25,-2.9603503452695488e-29,1.8743286937958960e-12,1.8066563543505339e-13,4.5540950724147402e-14,2.3332193425066761e-13,1.0375829961401134e-12,1.3191693587976406e-06,2.4748624404055162e-09,3.9867822188767195e-08,2.8037523977596070e-12,6.7456342956511864e-20,7.2425835022321348e-17,-4.8837197013672532e-28,-1.4410052273685303e-29,1.4120908670647822e-15,1.1850801310476773e-16,1.1495255522516913e-13,2.5391670059416865e-15,1.3638008811846331e-01,0.0000000000000000e+00,-3.4982039457329186e-44,-1.6221764461094102e-45,-3.3555002916926928e-32,-1.1105300956904127e-34,-3.3870342536519020e+04,0.0000000000000000e+00,0.0000000000000000e+00,0.0000000000000000e+00,
0.0000000000000000e+00,0.0000000000000000e+00,1.8505628385345135e-01,5.9983456464941368e-07,2.2820881412426997e-08,4.6344275790250800e-06,1.2405303428779321e-02,8.4735253813522413e-05,1.6281911270063416e-02,1.3964894001556399e-07,7.9164153003955607e-09,-4.4629592921966760e-29,-3.5188912565614778e-27,-1.4155096165849085e-24,-4.4208771331707093e-26,-9.3141634149930507e-24,-6.3487924323465460e-24,1.6668360527703222e-05,1.9880890360433917e-02,3.1397985547854502e-14,3.3467535487453443e-16,-3.9573665529449729e-26,-7.7974147717991543e-27,-9.9428927621401710e-25,-6.9962924941098033e-33,-1.1605745199016979e-29,-5.2283484035637513e-36,-7.6556774322713752e-36,6.0272674433902768e-36,-2.9954419679110822e-37,-1.0314424894521493e-25,-1.3888228851979349e-25,-2.9607178717881510e-29,1.8745570260622856e-12,1.8070196967747288e-13,4.5547859299967685e-14,2.3334583451964158e-13,1.0377472908206806e-12,1.3191767298379254e-06,2.4748759608249177e-09,3.9871599149136710e-08,2.8040257228422671e-12,6.7472752219051226e-20,7.2438525734583645e-17,-4.8602460004524931e-28,-1.4411295539346783e-29,1.4120271813452134e-15,1.1851645773961864e-16,1.1496268999788025e-13,2.5395192770098358e-15,1.3638002819654593e-01,0.0000000000000000e+00,-3.5567502330411486e-44,-1.6231035082106999e-45,-3.3555339176349023e-32,-1.1105553208706635e-34,-3.3870050994372221e+04,0.0000000000000000e+00,0.0000000000000000e+00,0.0000000000000000e+00,
0.0000000000000000e+00,0.0000000000000000e+00,1.8505601958754514e-01,6.0004330906354987e-07,2.2832079436031810e-08,4.6359274989670850e-06,1.2405276047013769e-02,8.4749755292975418e-05,1.6281933037500095e-02,1.3966246020558448e-07,7.9175254875244681e-09,-4.7981397787085502e-29,-3.5206559736428884e-27,-1.4168186620135776e-24,-4.4248496963012565e-26,-9.3262717902960202e-24,-6.3589996259833735e-24,1.6675076173764056e-05,1.9880860598606404e-02,3.1422622006371782e-14,3.3489399196523506e-16,-3.9325838882381058e-26,-7.8042812437436190e-27,-9.9565767731088322e-25,-6.9948797760337328e-33,-1.1610184992035675e-29,-5.2218808688120223e-36,-7.3360436551960827e-36,6.0233314197269513e-36,-2.3966801994272311e-37,-1.0324425845337034e-25,-1.3904615667109036e-25,-2.9623304108427257e-29,1.8752702924346923e-12,1.8081867542397901e-13,4.5570345593579842e-14,2.3342517508148531e-13,1.0382599237870481e-12,1.3191863380351493e-06,2.4748934292810701e-09,3.9884499020375158e-08,2.8048633854385809e-12,6.7528930672121523e-20,7.2485675659595369e-17,-4.7948109359014346e-28,-1.4419004701814108e-29,1.4117403026846525e-15,1.1855657451113205e-16,1.1500197489792735e-13,2.5407738269723974e-15,1.3637980187960885e-01,0.0000000000000000e+00,-3.5591997742327850e-44,-1.6256309893887934e-45,-3.3565026245999189e-32,-1.1108424366691968e-34,-3.3868995764260791e+04,0.0000000000000000e+00,0.0000000000000000e+00,0.0000000000000000e+00,
0.0000000000000000e+00,0.0000000000000000e+00,1.8505520728582761e-01,6.0061079196139096e-07,2.2862736806562851e-08,4.6400331567218585e-06,1.2405190448700877e-02,8.4789098336242894e-05,1.6281963823403696e-02,1.3969856259899551e-07,7.9205457925603734e-09,-3.3675862274781737e-29,-3.5035729781033228e-27,-1.4137900380960982e-24,-4.4148190929103670e-26,-9.3282996436486017e-24,-6.3744594396490593e-24,1.6694067341149526e-05,1.9880773302524000e-02,3.1491197598042671e-14,3.3550154597614861e-16,-3.8619908916354388e-26,-7.7862924591232593e-27,-9.9641251393022913e-25,-6.9535868856824358e-33,-1.1564066007628300e-29,-5.1804894027280320e-36,-5.5527609290027883e-36,6.0245859396581450e-36,1.9900951517337895e-37,-1.0301354555452001e-25,-1.3899014238562810e-25,-2.9663915242884556e-29,1.8771785486547978e-12,1.8114718157757627e-13,4.5634156914004663e-14,2.3365395166588554e-13,1.0396618604073836e-12,1.3191863685444032e-06,2.4748935881127229e-09,3.9923626271358791e-08,2.8070636339732949e-12,6.7699327435824000e-20,7.2644658981976500e-17,-4.6338942132178954e-28,-1.4355545981706685e-29,1.4107918148035705e-15,1.1871934478427046e-16,1.1513347288584575e-13,2.5446822513388801e-15,1.3637911773070394e-01,0.0000000000000000e+00,-3.5649905431003958e-44,-1.6371106234559238e-45,-3.3381534570792958e-32,-1.1046142465041849e-34,-3.3866240433595776e+04,0.0000000000000000e+00,0.0000000000000000e+00,0.0000000000000000e+00,
0.0000000000000000e+00,0.0000000000000000e+00,1.8505326577154951e-01,6.0198734539469857e-07,2.2937625924107525e-08,4.6500429958681712e-06,1.2404979043856340e-02,8.4883667375900318e-05,1.6282010308603326e-02,1.3978299175524644e-07,7.9278761789640676e-09,-3.1709479795423733e-29,-3.3837128354163905e-27,-1.3674932800846995e-24,-4.2700933993106135e-26,-9.0375470618269323e-24,-6.1887309456059644e-24,1.6741739632718964e-05,1.9880570483254322e-02,3.1661174994410905e-14,3.3699842843518419e-16,-3.6680224639003246e-26,-7.5312400718924649e-27,-9.6581828602502166e-25,-6.7386372302643567e-33,-1.1220365461474271e-29,-4.9905914381960016e-36,4.5998350179459895e-36,5.7293072129400912e-36,4.2709457673142438e-36,-9.9605769857922109e-26,-1.3468478522654387e-25,-2.9267185888261030e-29,1.8816273922995503e-12,1.8197051442243691e-13,4.5794609278981533e-14,2.3423633728876973e-13,1.0430783827956701e-12,1.3191432718315811e-06,2.4748276408875148e-09,4.0029751701615355e-08,2.8121240104514018e-12,6.8162169456388712e-20,7.3127794952814304e-17,-4.2921864076351287e-28,-1.3868526515343825e-29,1.4088882290157965e-15,1.1927906558485002e-16,1.1551663786904001e-13,2.5554341500918051e-15,1.3637749658150386e-01,0.0000000000000000e+00,-3.5061538505685539e-44,-1.6636354126242303e-45,-3.2268157326034106e-32,-1.0679202838580984e-34,-3.3861000932421019e+04,0.0000000000000000e+00,0.0000000000000000e+00,0.0000000000000000e+00,
0.0000000000000000e+00,0.0000000000000000e+00,1.8504973837885103e-01,6.0503576206361604e-07,2.3104648158542506e-08,4.6722882467814269e-06,1.2404571174471048e-02,8.5090284378001020e-05,1.6282114538812453e-02,1.3996170249403575e-07,7.9441168077838067e-09,-1.8836085389041803e-29,-3.0507102336437612e-27,-1.2329980879415595e-24,-3.8485333853700208e-26,-8.1527351904112718e-24,-5.5925253959408677e-24,1.6850199749135458e-05,1.9880190210429194e-02,3.2045262484252011e-14,3.4035087053252725e-16,-3.2499634686817489e-26,-6.7850199105074795e-27,-8.7171398276175201e-25,-6.1456900585456082e-33,-1.0230925469079022e-29,-4.2805088130218449e-37,1.1743571201180349e-34,1.2223343946101647e-34,1.8648522249235124e-36,-8.9752810048557773e-26,-1.2165628850059103e-25,-2.7675380940229671e-29,1.8909729638516588e-12,1.8385010294432198e-13,4.6160632647433337e-14,2.3557602932883695e-13,1.0506759585405124e-12,1.3188142797597703e-06,2.4743204609024844e-09,4.0289123722100756e-08,2.8227772203468762e-12,6.9298568648505497e-20,7.4428612634766827e-17,-3.6920619531924929e-28,-1.2510064151482405e-29,1.4200977642566295e-15,1.2089373319855672e-16,1.1649700407486711e-13,2.5818599481976920e-15,1.3637455727480283e-01,0.0000000000000000e+00,1.1220475380021413e-43,-1.5230807835397868e-45,-2.9205301644994934e-32,-9.6327348823328669e-35,-3.3853696217188168e+04,0.0000000000000000e+00,0.0000000000000000e+00,0.0000000000000000e+00,
0.0000000000000000e+00,0.0000000000000000e+00,1.8504502597393724e-01,6.1135426315296884e-07,2.3453550890902006e-08,4.7185140580588626e-06,1.2403955494813919e-02,8.5512448586051921e-05,1.6282343049310314e-02,1.4031849081394340e-07,7.9777855504782451e-09,-1.1516205609024241e-29,-2.4593556299234467e-27,-9.9722291668465380e-25,-3.0990289354461255e-26,-6.5860882786002500e-24,-4.5150399191192061e-24,1.7079227294259427e-05,1.9879582531285814e-02,3.2858491358891510e-14,3.4737721801192378e-16,-2.5835561573983015e-26,-5.4551350660937168e-27,-7.0462275848998626e-25,-5.0957233930155825e-33,-8.4562577185176512e-30,-9.0091305081021303e-37,8.4889216005952230e-35,9.0498532523862437e-35,3.0249575289225240e-36,-7.2585583468921575e-26,-9.8510271267548307e-26,-2.4086890634771379e-29,1.9094273162992684e-12,1.8786138761097568e-13,4.6938307168640547e-14,2.3843184297697950e-13,1.0665074354850939e-12,1.3176245777934590e-06,2.4725252414013356e-09,4.0866677178617217e-08,2.8444976309585613e-12,7.1848290606484387e-20,7.7512906778945827e-17,-2.8501579763777883e-28,-1.0159228990797404e-29,1.4641288449910658e-15,1.2480648634412160e-16,1.1872210458894212e-13,2.6406651936559116e-15,1.3637062419781298e-01,0.0000000000000000e+00,8.0043131877806609e-44,-1.4030184542906051e-45,-2.3930464911203530e-32,-7.9214281438062983e-35,-3.3845959530743792e+04,0.0000000000000000e+00,0.0000000000000000e+00,0.0000000000000000e+00,
0.0000000000000000e+00,0.0000000000000000e+00,1.8504076097216587e-01,6.2388782709174750e-07,2.4152787925449083e-08,4.8104042172383365e-06,1.2403207760213433e-02,8.6338187591077247e-05,1.6282667308660601e-02,1.4101453751789919e-07,8.0445661283588923e-09,3.9085800195003435e-30,-1.7750203100738014e-27,-7.1044439502431184e-25,-2.1988876738243768e-26,-4.6450546468664248e-24,-3.1690291646052576e-24,1.7538329797886931e-05,1.9878694558186631e-02,3.4517384125583165e-14,3.6154320192525825e-16,-1.8051907699920867e-26,-3.8665255802088030e-27,-4.9784782687163715e-25,-3.4401492770986698e-33,-5.6533358961212989e-30,3.7792376516656509e-36,2.9349720818448742e-34,3.1724513667037102e-34,5.9310561125270183e-36,-5.1411523371331567e-26,-6.9728305439062239e-26,-9.6910584633499407e-30,1.9448893431795572e-12,1.9607418356171337e-13,4.8514752222300886e-14,2.4419822650397146e-13,1.0981860335724266e-12,1.3146826815041915e-06,2.4682491517467091e-09,4.2057966181998926e-08,2.8890441399848004e-12,7.7181523832305362e-20,8.4079245267148451e-17,-1.9076379826244411e-28,-7.2899884519790056e-30,1.5653254308825831e-15,1.3293258523285162e-16,1.2326665991820877e-13,2.7611474262106419e-15,1.3636706428637069e-01,0.0000000000000000e+00,2.4739523783534939e-43,-1.0004262527959898e-45,-1.7420906186290187e-32,-5.5411783903872851e-35,-3.3838972205542392e+04,0.0000000000000000e+00,0.0000000000000000e+00,0.0000000000000000e+00,
0.0000000000000000e+00,0.0000000000000000e+00,1.8504314160071594e-01,6.4812976470712932e-07,2.5527108185898707e-08,4.9884614059825466e-06,1.2402433168364747e-02,8.7908040108102169e-05,1.6282819134476507e-02,1.4237070827468572e-07,8.1737035655950808e-09,3.7080978709996174e-30,-4.2965944648321051e-28,-2.5829626486617120e-25,-5.1614209947798728e-27,-1.7791623856353889e-24,-1.9220779888828729e-24,1.8429430517973365e-05,1.9877517187548210e-02,3.7871669633908577e-14,3.8971152599057870e-16,-2.0646883000609740e-28,1.7796960646725327e-28,-1.9641453346161435e-25,1.1166958637713655e-32,1.8559590440621541e-29,4.0568235610914015e-34,5.1592541524756457e-32,3.8676192354816374e-33,1.6512807614722262e-32,-2.0586718445188792e-26,-2.9194061853857573e-26,3.4287705467887964e-28,2.0123405629790775e-12,2.1263515521158225e-13,5.1629224722922481e-14,2.5542163400161416e-13,1.1603991921493293e-12,1.3091853985846059e-06,2.4608018424290642e-09,4.4380949250568961e-08,2.9814045562065361e-12,8.7948561642860218e-20,9.7243270461418629e-17,-8.9637239413242226e-29,-2.7970322422921350e-30,1.7493871623786195e-15,1.4802505809393561e-16,1.3178276830611108e-13,2.9935506793848058e-15,1.3636875138280100e-01,0.0000000000000000e+00,3.5549964543729995e-42,5.2269833132344688e-44,-7.8866157094369247e-33,1.0669937781248730e-33,-3.3833172396452814e+04,0.0000000000000000e+00,0.0000000000000000e+00,0.0000000000000000e+00,
0.0000000000000000e+00,0.0000000000000000e+00,1.8505720836225342e-01,6.9468356355705808e-07,2.8239711064190073e-08,5.3308530193991922e-06,1.2401742423584945e-02,9.0840354414926339e-05,1.6282810670025051e-02,1.4505409079770962e-07,8.4215713715325659e-09,1.0035320187731129e-29,1.2518739411361638e-26,3.5837259828898007e-24,2.6364013368411718e-25,1.1678194770959918e-20,5.8974314043802593e-23,2.0135972568414753e-05,1.9876339237199045e-02,4.4829275165916092e-14,4.4651143480776758e-16,3.9081494382417717e-25,1.0796623245788303e-25,6.5858152821332568e-24,3.9215467339578371e-32,6.3948845988098133e-29,2.7493679093969407e-32,2.5157911458180143e-30,2.6325437024182799e-31,1.8349708262840272e-30,9.1897904607533159e-26,1.1369956543809180e-25,1.0397118842689634e-27,2.1403846872173600e-12,2.4653622873814755e-13,5.7755029540202649e-14,2.7678697184359005e-13,1.2831288373785373e-12,1.3009148664439594e-06,2.4511252552050834e-09,4.8742465654630902e-08,3.1743946677222829e-12,1.1006495388231327e-19,1.2410562694324801e-16,8.7349364222144307e-29,3.9891677667915808e-29,2.0985854488888556e-15,1.7488156952651733e-16,1.4674565368243304e-13,3.4274448862390688e-15,1.3637905649241883e-01,0.0000000000000000e+00,5.1028865064712023e-40,1.7064653521100590e-41,3.0882746271193034e-32,2.5270534663203674e-31,-3.3831187240043408e+04,0.0000000000000000e+00,0.0000000000000000e+00,0.0000000000000000e+00,
0.0000000000000000e+00,0.0000000000000000e+00,1.8509179080794530e-01,7.8531226255232841e-07,3.3780271496432556e-08,5.9978818399812729e-06,1.2402054703092592e-02,9.6278505464631673e-05,1.6282275892228439e-02,1.5056969351440708e-07,8.9028993325541146e-09,1.8239128256638582e-29,1.2678945219135524e-26,4.2921336329928614e-24,1.8997742977146770e-25,1.7760872642353902e-20,1.1021830564502331e-20,2.3428237820687897e-05,1.9877120282297864e-02,6.0359112232202246e-14,5.6716068591182322e-16,2.2381796427334595e-25,6.0330600402048148e-26,5.2344515491901239e-24,-6.6990676520694173e-32,-1.0723153783239889e-28,3.8624180414726229e-32,4.6764885003272864e-30,1.5158894189440981e-31,1.0294788531830036e-30,2.7409436563186079e-25,3.4375848815956218e-25,-1.6197751486076677e-27,2.3860468849673310e-12,3.1969571203222451e-13,7.0025792132245216e-14,3.1697417414364567e-13,1.5336486909825286e-12,1.2902109357273738e-06,2.4422100481249569e-09,5.6699107544311142e-08,3.5870637797537343e-12,1.5925997523721724e-19,1.8441987002593624e-16,2.2393113608167472e-28,4.8186152359991887e-29,2.8645294568567491e-15,2.2362562217610530e-16,1.7179015523386911e-13,4.2341121634401152e-15,1.3640397071239604e-01,0.0000000000000000e+00,7.3951344720058715e-40,1.8318826695070325e-41,1.1289092280561666e-31,9.0775366242056580e-32,-3.3831497159161350e+04,0.0000000000000000e+00,0.0000000000000000e+00,0.0000000000000000e+00,
0.0000000000000000e+00,0.0000000000000000e+00,1.8516795867963998e-01,9.6879173627094025e-07,4.5974644244873181e-08,7.3489022874104268e-06,1.2405290383410494e-02,1.0640008377090640e-04,1.6280625476028012e-02,1.6268330076143990e-07,9.8668670082922562e-09,1.9415179069035271e-29,1.1066034231883967e-26,3.9691900256289301e-24,1.2360320177000771e-25,2.9976250890181022e-20,1.6829944211338340e-20,2.9990818835054987e-05,1.9879125975154718e-02,1.0035506601504107e-13,8.5229733856615720e-16,8.3455072995242561e-26,2.0124154002922608e-26,2.4516151720885065e-24,-7.0067531937261170e-30,-1.0620762016143719e-26,-3.9962023076749185e-33,6.3114235065455908e-32,1.3891337233051998e-33,1.2924411685335049e-32,2.7522267144199021e-25,3.4521201785690697e-25,-1.5347175910359082e-25,2.8720816728832842e-12,4.9390186248562845e-13,9.5582998407824640e-14,3.9155555983817925e-13,2.0844666351764529e-12,1.2772979224208476e-06,2.4427567478732224e-09,7.0695871529867742e-08,4.5230447973121865e-12,2.8751949484475973e-19,3.4668544727598648e-16,1.9856675217631146e-28,4.5269941368898857e-29,4.0414108258299702e-15,3.2031869206683513e-16,2.1178548595379771e-13,5.7630936491218752e-15,1.3645948642690708e-01,0.0000000000000000e+00,1.1412470433895010e-42,2.7804769579504096e-37,1.1579658356616835e-31,1.7139371044203988e-33,-3.3841140257394814e+04,0.0000000000000000e+00,0.0000000000000000e+00,0.0000000000000000e+00,
0.0000000000000000e+00,0.0000000000000000e+00,1.8533249164705787e-01,1.3688330982179163e-06,7.6617169810669354e-08,1.0297565389516812e-05,1.2415201083992777e-02,1.2554818358742061e-04,1.6277794164377624e-02,1.9190179199642915e-07,1.1894726331562250e-08,1.2291877659991696e-29,3.1846461232713414e-25,1.2230475272361932e-20,2.0289659333301953e-24,5.2155172351615782e-20,2.4895328841829683e-20,4.3991206775345252e-05,1.9879564759137068e-02,2.3204018349131286e-13,1.6638795234583962e-15,6.4370385917166606e-25,6.9932933048271619e-26,4.1000887249229346e-24,6.7047869840807050e-29,-4.0977383535041263e-26,-3.5026350681137777e-32,-4.7024083099932206e-32,-1.6502393874691869e-33,5.3848294341472725e-28,-1.3462053739785038e-25,-1.4783850524569516e-25,-4.0200651738871440e-25,3.8910360090293219e-12,9.7495129721097472e-13,1.5152930481878793e-13,5.2452127141069469e-13,3.4659097401074865e-12,1.2614589370687625e-06,2.4465218320546679e-09,9.3616958358301200e-08,6.8800710086521650e-12,7.7588164418745616e-19,1.0468210883292472e-15,-8.8536595951585350e-28,1.1519052694262354e-27,5.2704216697655401e-15,5.9373321850801593e-16,2.7390795042923941e-13,8.8193013179506199e-15,1.3658145174069419e-01,0.0000000000000000e+00,-4.3672052894175893e-38,9.5543483425811869e-32,-6.9627024099362236e-32,-3.9028286493664659e-34,-3.3869917741097546e+04,0.0000000000000000e+00,0.0000000000000000e+00,0.0000000000000000e+00,
0.0000000000000000e+00,0.0000000000000000e+00,1.8571992312787583e-01,2.3614348073745843e-06,1.7268157736146936e-07,1.7639454187301330e-05,1.2445785636821319e-02,1.6320091693106751e-04,1.6274172099386707e-02,2.7173026470808489e-07,1.6478001889173267e-08,-2.8005094092970463e-27,-3.8509842092251825e-25,4.3230964669239559e-20,-4.7308727931022863e-25,1.0751762546331038e-19,4.6163881931686914e-20,7.7737961559626740e-05,1.9878844309878470e-02,8.7611011350643824e-13,4.7847972770861550e-15,2.1389033677843535e-24,2.4679533225425788e-24,1.4249523859132824e-20,3.1744140508050547e-28,-1.3727127584688985e-26,-1.3869915358236207e-28,-3.9913658026027619e-28,-7.2520815456868933e-29,4.4953178989052076e-23,-9.0899435886076394e-25,5.7266994459893331e-24,8.4419103723322201e-25,6.2395290925482583e-12,2.5843133262840588e-12,2.7811211050886850e-13,7.3345838621911331e-13,7.7778292285843539e-12,1.2401326822257133e-06,2.4445162545611638e-09,1.2527586586665648e-07,1.3726258483283616e-11,5.3063656055271494e-18,8.2327235321902095e-15,1.2829149714058887e-26,-3.1837922359305626e-28,8.8819757518542601e-15,2.0930439633717637e-15,3.9624005436683899e-13,1.6279177327727913e-14,1.3687078920487675e-01,0.0000000000000000e+00,-9.4618339772148606e-33,3.1720883512830840e-26,-4.1241140638799246e-30,-3.5724866023569368e-29,-3.3930044948784816e+04,0.0000000000000000e+00,0.0000000000000000e+00,0.0000000000000000e+00,
0.0000000000000000e+00,0.0000000000000000e+00,1.8687107171874806e-01,5.4441688158363700e-06,6.0896822008623551e-07,4.0729833458639570e-05,1.2563086575686363e-02,2.4355729586866549e-04,1.6274895537621292e-02,5.3520417236300758e-07,2.8272639604313577e-08,-8.8586632000827669e-24,-6.2370147229207296e-22,7.9142998596086629e-20,-8.4274939700269001e-23,1.0751762546331038e-19,7.2973600538098149e-16,1.7866196055893517e-04,1.9869678033382462e-02,6.8097956894089283e-12,2.4386228460372839e-14,1.4408910634903125e-21,3.5851495799435973e-20,1.7746359681844173e-20,-5.5132390692707923e-26,2.2297467607206933e-21,-5.0474665443264776e-24,5.9499547026261918e-19,-3.2242325654450001e-24,3.7875998224010795e-18,-3.1683817043724932e-22,1.3403495931234635e-20,3.5762060664980261e-20,1.2438608473283843e-11,9.3720064519600906e-12,5.5775932358034810e-13,9.6222345060645838e-13,2.7118325955304277e-11,1.2062630542368336e-06,2.3691385292378641e-09,1.5087618722725425e-07,3.6555668060751448e-11,2.3110067575859372e-16,2.9418361126687543e-13,7.7946286874611378e-20,-5.0656438666038447e-25,3.7317791162844177e-14,2.5185067065867203e-14,1.5051139006597836e-12,7.7969293699669441e-14,1.3773102319409494e-01,0.0000000000000000e+00,-1.8126670907340400e-27,1.0787368710984464e-20,-1.8758933269212012e-25,-4.7334161522534347e-24,-3.4077537554398528e+04,0.0000000000000000e+00,0.0000000000000000e+00,0.0000000000000000e+00,
0.0000000000000000e+00,0.0000000000000000e+00,1.9262011774635698e-01,1.8984392747184648e-05,4.2895120788304346e-06,1.4840799095507134e-04,1.3334062027814640e-02,4.2847264292616446e-04,1.6394460141404527e-02,1.7888989187030249e-06,7.2372530541841575e-08,8.3975906410910431e-16,1.4956025949224346e-14,5.9278144370160393e-13,5.0035770634818053e-14,1.2758949583618913e-11,8.3358990275245585e-11,7.2747500318485028e-04,1.9831211055757737e-02,1.9401338548792023e-10,2.2923068566432443e-11,1.3419863269032530e-13,3.3827973536635478e-14,1.0019971275364636e-12,8.6530203107825313e-17,3.4962237766670063e-14,-1.8024667191998241e-19,1.2520268815876143e-13,5.7167591663648804e-15,3.6854251824356165e-13,1.4494288534719711e-13,2.3211337437589251e-12,3.6476083215616137e-15,3.1843208595608667e-11,5.4737131778844231e-11,2.5617498466597453e-12,2.4781976461338971e-12,1.8106907497731823e-10,1.1370512856268672e-06,1.9871213067254024e-09,1.5192107415981694e-07,1.1368136535299861e-10,2.2201692493252838e-13,1.8758416745748914e-10,3.5963996612472568e-15,7.5704736898397553e-17,4.4263755221113304e-12,3.2196725462396151e-12,1.7386748010573111e-10,1.5039207471778645e-11,1.4203379126698834e-01,0.0000000000000000e+00,-3.3825725660805270e-22,4.2595363122518702e-15,-1.6135028369431702e-21,-3.6147068053774950e-19,-3.4605868424918030e+04,0.0000000000000000e+00,0.0000000000000000e+00,0.0000000000000000e+00,
0.0000000000000000e+00,0.0000000000000000e+00,6.6833522577592674e-01,1.6153058292475451e-04,9.8053130861607383e-06,2.4013034223212927e-04,1.3884542186871532e-01,4.8105407538194322e-04,1.7166742419751749e-02,5.6054166238096980e-05,2.1302330709433397e-05,8.0421429184830286e-10,2.0726813102830760e-08,9.2452594247152586e-07,8.1859576333404374e-08,8.4050915228105742e-05,2.2104872689645911e-02,5.4122857711970448e-03,1.9527249721779914e-02,2.5106615358177013e-06,2.9388829464239860e-04,2.4202202531499009e-07,5.9492529623978490e-06,3.5912301278204903e-05,7.7440642386524584e-10,2.0229776054363002e-06,2.2505251895612957e-07,5.5776581343205721e-05,3.1226009798177720e-06,1.3297070830722450e-04,3.4516651292158303e-07,1.7220335960733003e-05,1.1032891939184211e-08,2.7777660604573855e-10,2.2832286742252409e-10,2.2304935452077091e-10,4.2786289780275673e-10,3.7134797398213377e-10,9.3157526747792338e-07,1.7283973612908904e-07,1.3085071361374973e-07,2.7955240354301063e-10,1.5556022084616664e-11,3.2256839756778054e-08,9.2311195827242506e-12,2.2920540300891640e-10,2.9316313601225166e-09,1.0868334318922410e-10,2.0814484492200816e-08,9.3951374365483354e-10,4.9164038822999601e-01,0.0000000000000000e+00,1.7979261872042630e-08,3.1606206045272912e-06,2.3759402384966818e-07,9.4756495616168730e-06,-3.0529816074249244e+04,0.0000000000000000e+00,0.0000000000000000e+00,0.0000000000000000e+00,
0.0000000000000000e+00,0.0000000000000000e+00,1.1436649022367706e+00,1.6689948084638951e-04,1.7367172895800253e-10,6.2512979988369798e-09,2.5591526769353895e-01,1.2168205488153427e-07,1.0375018208092704e-02,3.0542245422488450e-05,1.9374401519053121e-05,-7.6751924490427009e-33,1.3228860950722377e-12,4.5389702466119003e-12,3.3039731945839240e-13,5.8874744105902381e-07,4.4906583853060365e-02,2.3091908478097881e-03,2.5995428328020316e-03,2.2096213888703766e-10,1.5566263440123168e-04,3.1002426753209869e-12,2.1456685651435347e-06,1.7212132750819412e-05,1.2573555656653940e-11,4.9107033212737777e-07,4.8079937439432605e-13,2.0929775844656148e-05,4.3892256821117449e-09,4.6986002454749125e-05,3.6589003299448141e-12,2.8135939023099270e-06,5.6565180076567421e-10,1.1310525917014641e-15,2.0218829836542873e-13,1.0308973146533210e-10,2.7231228810241105e-10,6.5742896719695098e-17,4.9252801694236956e-08,1.5889856762499204e-07,1.1371806012637728e-08,6.3564162534615564e-11,1.5743242652866695e-16,7.6328785990782021e-09,2.2877270543216923e-12,4.5741110878715499e-12,5.6878198129787616e-10,5.9535281030049433e-12,5.3090488156526374e-09,1.5093743261477319e-11,8.4282294828841886e-01,0.0000000000000000e+00,3.2442529086990738e-10,5.8495037709227079e-07,2.1916443238659813e-10,1.5624730599067389e-06,-1.2346824796215103e+05,0.0000000000000000e+00,0.0000000000000000e+00,0.0000000000000000e+00,
0.0000000000000000e+00,0.0000000000000000e+00,1.1439339429784801e+00,1.8616794160819672e-05,-1.0089810090115791e-27,1.4339563993948296e-12,2.5597954499437287e-01,2.8857730784113175e-15,1.3554015660036750e-06,9.3613719977711037e-10,1.3311989710119127e-09,2.9602573023411917e-45,3.4517618547350610e-28,-2.2560468433288108e-32,-7.0008858240379105e-34,1.2426230003936250e-11,4.4918551482113191e-02,1.2143367790200541e-07,6.0100110092803121e-09,-1.2740671881106962e-30,3.3794139769778927e-10,-3.1127247310503856e-33,3.7278688543959319e-15,2.8352498690826136e-11,1.0079092915481330e-30,2.2876404311960481e-12,-4.9050785466817220e-36,6.1849937277342797e-11,-4.7826060320081800e-30,4.6576876606813269e-11,-3.5904165754824902e-32,7.5435335916729339e-13,1.4737322710492594e-16,1.7888928625414372e-20,-1.3487695918665779e-28,2.8028132130114754e-13,2.7487504885184892e-14,3.7411967044483642e-32,9.3429575848021155e-13,1.7195617011607985e-12,2.3360577773351620e-14,3.1280263889694549e-15,2.5191025356907530e-35,1.3316565869069747e-14,3.4318527175738280e-18,1.1008431068790019e-28,1.2407748330277029e-15,1.2825939965054261e-17,1.1623335975935906e-14,3.3240660057366948e-17,8.4303406007037029e-01,0.0000000000000000e+00,3.0150681898804664e-19,1.1517955148668412e-14,-5.0908106535881756e-29,3.4534627645753026e-13,-2.0895610339036444e+05,0.0000000000000000e+00,0.0000000000000000e+00,0.0000000000000000e+00,
0.0000000000000000e+00,0.0000000000000000e+00,1.1439524808978283e+00,1.7825699707636129e-06,-1.3222219464313321e-29,3.7328648422606683e-15,2.5598398845427839e-01,2.1995110380838523e-18,3.5977780361560846e-09,1.9076473737061178e-12,2.7323571794145348e-12,2.9224736834033715e-46,1.2157950934008260e-43,-8.8260456681316929e-35,-3.0652766739980110e-36,2.9745279130627456e-14,4.4919352192612796e-02,2.5295011923544028e-10,5.7987279024664218e-12,-4.2073765637300014e-33,3.1604147744851492e-13,-1.0042876372565879e-35,1.4614195637543166e-20,2.5401968914408563e-14,-2.9255411686343659e-48,2.5590956433334048e-15,-1.6259704536918132e-38,6.2577333705814278e-14,-1.0569196709073230e-32,3.8413658902243998e-14,-1.2306105914054874e-34,4.9888338327859676e-16,8.2839775643730478e-20,4.6184233561585727e-27,-8.3003494387550769e-31,2.6645962781223145e-15,6.7926839344919332e-17,-3.9937167923785866e-38,1.8387305616004928e-15,2.1668601690538121e-15,2.2022591085803878e-17,6.3225063034851319e-18,1.4665788816785096e-46,1.2041252183477373e-17,3.7823764263299470e-25,3.6269756842763145e-46,1.1846384032991477e-18,4.7478555788923332e-25,1.1115601314696850e-17,1.2106939021343118e-20,8.4304879013657474e-01,0.0000000000000000e+00,1.1561413256240357e-24,5.4882908819153711e-18,-1.6987428888685655e-31,2.1919907081959070e-16,-2.0900947102007616e+05,0.0000000000000000e+00,0.0000000000000000e+00,0.0000000000000000e+00,
0.0000000000000000e+00,0.0000000000000000e+00,1.1439549200724379e+00,3.4986499727130095e-07,-1.9190287320079619e-31,2.9549913941950800e-16,2.5598457331042906e-01,1.7364781758191393e-19,2.3330272345462918e-10,1.1678899295999639e-13,1.6641851863821216e-13,4.0150884700515900e-48,7.8724084565674319e-50,-4.5508424820651451e-37,-1.7535287834262543e-38,1.9613943732259446e-15,4.4919457583310125e-02,1.5463803311628482e-11,2.9070765743943189e-13,-1.7363247627602393e-35,1.5699714628147270e-14,-3.9902066547919494e-38,-5.2873673064753009e-28,1.2459731706339778e-15,-1.2853542569944768e-50,1.3351435105758179e-16,-6.7737995090431533e-41,3.1769609925801219e-15,-1.5162794639016989e-35,1.8413315482655319e-15,-5.4111666052793161e-37,2.2337780759814740e-17,3.0280740657159105e-25,5.0790889425868897e-27,-8.1498182217724217e-33,2.3556819937694156e-16,4.3232271727930612e-18,-5.7688989410927868e-40,1.1175434732594634e-16,1.1657780271413924e-16,1.0972408401287734e-18,3.8481282110829062e-19,5.7257566845166341e-51,5.9184312181570907e-19,1.1130629090395691e-24,7.6717933092162096e-50,5.9207741357158623e-20,9.7511759597845301e-25,5.5555319254993640e-19,4.8145833847179782e-25,8.4305072878959686e-01,0.0000000000000000e+00,6.1416670959846046e-25,2.1971779151764007e-19,-7.1286153992102254e-34,9.7521112538237184e-18,-2.0901318022977991e+05,0.0000000000000000e+00,0.0000000000000000e+00,0.0000000000000000e+00,
0.0000000000000000e+00,0.0000000000000000e+00,1.1439551542620654e+00,1.6030716666742959e-07,-2.0519689789023106e-32,1.0714314825007856e-16,2.5598462971704211e-01,6.2960604009037248e-20,7.6787596572318352e-11,3.7513981354957606e-14,5.3340316903955392e-14,1.4345799941764135e-50,3.2684206968475333e-54,-1.2505374681336912e-37,-4.2483949621988265e-39,6.4759046747236734e-16,4.4919467535078736e-02,4.9644585865825658e-12,8.5007857761940487e-14,-6.4419972433840720e-36,4.5694518796957858e-15,-1.4994751435996907e-38,1.2263492284695212e-28,3.6027849243535855e-16,-4.6686551094782275e-51,3.9830339168607750e-17,-2.4860441404389709e-41,9.3491702035205892e-16,-4.7576348085053952e-36,5.2578014449568153e-16,-1.9619198074268285e-37,6.1505770861206021e-18,1.2826180984715778e-24,-1.4751700756065906e-29,-2.0654839890389386e-33,8.6727099119175291e-17,1.4117336732424785e-18,-6.2301118855954814e-41,3.5786567335682585e-17,3.5302681349988631e-17,3.1983793175955259e-19,1.2331116858691292e-19,1.2659161026800886e-49,1.7131640042437904e-19,1.8856946274446332e-25,1.4154998777334726e-54,1.7286273650828323e-20,5.5733801925676708e-25,1.6219913751746661e-19,6.7781550351906691e-25,8.4305091481299832e-01,0.0000000000000000e+00,4.9757207399262698e-27,5.6706495203640399e-20,-2.6274361001250302e-34,2.6756323410055670e-18,-2.0901366817471304e+05,0.0000000000000000e+00,0.0000000000000000e+00,0.0000000000000000e+00,
0.0000000000000000e+00,0.0000000000000000e+00,1.1439551621986495e+00,1.4211619266632396e-07,-2.1940492983040434e-32,1.0331535591118737e-16,2.5598463162907431e-01,6.0712737560112390e-20,7.5664450854189026e-11,3.7079775223240664e-14,5.2735776237757383e-14,7.9866008127706789e-51,4.3331071595406003e-56,-1.2515873894993167e-37,-4.2524893176814687e-39,6.3803437406043150e-16,4.4919467871809039e-02,4.9072955310694040e-12,8.4638392622095235e-14,-6.4458494160856494e-36,4.5505973238850342e-15,-1.5003717675579211e-38,1.2260481685806357e-28,3.5889693160419183e-16,-4.6714602649743120e-51,3.9614892424297664e-17,-2.4875424798010305e-41,9.3055863148574549e-16,-8.1071413020103664e-36,5.2403180537270555e-16,-1.9630845867277956e-37,6.1372021656896303e-18,2.7841770468634901e-25,-3.4697317671488325e-29,-2.0681496078585085e-33,8.3436527286378318e-17,1.3925210753280571e-18,-6.6764413071149930e-41,3.5384608308994014e-17,3.5078530763172859e-17,3.1849584324931304e-19,1.2191663151954247e-19,2.1854479543350578e-50,1.7065154456595088e-19,1.2109832240951000e-26,3.3398718958988134e-56,1.7212436338078036e-20,5.2627715031842068e-26,1.6150631127552879e-19,1.3229209936212761e-25,8.4305092111686886e-01,0.0000000000000000e+00,2.3900401980896611e-28,5.6651382673939766e-20,-2.6290140721116690e-34,2.6700571026422792e-18,-2.0901371442542062e+05,0.0000000000000000e+00,0.0000000000000000e+00,0.0000000000000000e+00,
0.0000000000000000e+00,0.0000000000000000e+00,1.1439551622668440e+00,1.4150014384158275e-07,-2.6775722686055219e-32,1.0331169667681248e-16,2.5598463164559027e-01,6.0710585170987539e-20,7.5664372248262122e-11,3.7079759802617514e-14,5.2735756044071739e-14,7.9249734077344217e-51,3.9956761780532336e-56,-1.2530831853652340e-37,-4.2582246880988989e-39,6.3803362228012344e-16,4.4919467874717796e-02,4.9072935316043698e-12,8.4638392378766798e-14,-6.4515946294660638e-36,4.5505973190793858e-15,-1.5017089091811419e-38,1.2258242261995013e-28,3.5889693162721946e-16,-4.6756333175261785e-51,3.9614891791142655e-17,-2.4897710116357856e-41,9.3055862593260786e-16,-8.5857905614171527e-36,5.2403180540631102e-16,-1.9648352953245825e-37,6.1372021660826671e-18,4.5885204056610320e-30,-3.5344951551308426e-29,-2.0725828081531747e-33,8.3432746021474298e-17,1.3925196550889360e-18,-8.1498403154226698e-41,3.5384595226816430e-17,3.5078529520913113e-17,3.1849584273774325e-19,1.2191658522747102e-19,-6.2036536796658663e-51,1.7065154457690063e-19,6.7921334319108318e-31,3.6481493385402155e-56,1.7212436299740892e-20,4.0396532592733293e-30,1.6150631090463300e-19,9.4652114579635239e-30,8.4305092117132174e-01,0.0000000000000000e+00,1.0267542087976353e-33,5.6651382677560888e-20,-2.6313607502832847e-34,2.6700571028132552e-18,-2.0901371598999025e+05,0.0000000000000000e+00,0.0000000000000000e+00,0.0000000000000000e+00,
0.0000000000000000e+00,0.0000000000000000e+00,1.1439551632151503e+00,1.4149446087297805e-07,-2.6998993701508631e-32,1.0331169658054482e-16,2.5598463187399340e-01,6.0710585052404060e-20,7.5664372305410647e-11,3.7079759835026507e-14,5.2735756090434388e-14,9.8767848568987368e-51,6.5430745102189950e-56,-1.2530835627854592e-37,-4.2582262276185119e-39,6.3803362256839037e-16,4.4919467914929262e-02,4.9072935359108352e-12,8.4638392453940686e-14,-6.4515958331967181e-36,4.5505973231203590e-15,-1.5017092005798231e-38,1.2258246307301674e-28,3.5889693194584250e-16,-4.6756346490532131e-51,3.9614891826356610e-17,-2.4897717268990633e-41,9.3055862675932166e-16,-8.5857935048871194e-36,5.2403180587132027e-16,-1.9648356509829019e-37,6.1372021715220002e-18,2.6072301111390914e-33,-3.5367448569708558e-29,-2.0725918408120550e-33,8.3432745881734035e-17,1.3925196533611280e-18,-8.2169930008807361e-41,3.5384595257953800e-17,3.5078529552112679e-17,3.1849584302058850e-19,1.2191658533466388e-19,-6.2054862871302320e-51,1.7065154472840853e-19,-1.3767834806968532e-33,2.6270870596111383e-56,1.7212436304302199e-20,3.3926692453951577e-34,1.6150631104800311e-19,-1.1475412361965602e-30,8.4305092192428399e-01,0.0000000000000000e+00,4.2070342418920765e-34,5.6651382727683841e-20,-2.6313612347935980e-34,2.6700571051794404e-18,-2.0901371600257323e+05,0.0000000000000000e+00,0.0000000000000000e+00,0.0000000000000000e+00,
0.0000000000000000e+00,0.0000000000000000e+00,1.1439552076881991e+00,1.4142119007595792e-07,-3.4130691159355223e-32,1.0331168729618832e-16,2.5598464258858700e-01,6.0710578806809719e-20,7.5664372307570067e-11,3.7079759856697002e-14,5.2735756125973676e-14,7.4931366239390843e-51,1.5399284900915047e-55,-1.2531763646477105e-37,-4.2585815087013648e-39,6.3803362253532862e-16,4.4919469802066778e-02,4.9072935389077946e-12,8.4638393054385016e-14,-6.4519527267809188e-36,4.5505973577781724e-15,-1.5017927217242647e-38,1.2258241887214958e-28,3.5889693494251012e-16,-4.6759081748470353e-51,3.9614892028553801e-17,-2.4899178515189768e-41,9.3055863271070211e-16,-8.5861865225513891e-36,5.2403181109765481e-16,-1.9649449607878989e-37,6.1372022662319718e-18,2.2878597842181849e-33,-3.5367450343338459e-29,-2.0731311624273171e-33,8.3432734051084179e-17,1.3925196221315155e-18,-1.0369874882324731e-40,3.5384595282977484e-17,3.5078529686755797e-17,3.1849584538221237e-19,1.2191658541702989e-19,-6.2054377934373820e-51,1.7065154613253968e-19,-1.3914633058560230e-33,1.3805490808551776e-55,1.7212436211689395e-20,2.7375198530607606e-34,1.6150631221565375e-19,-1.1225750322883222e-30,8.4305095725023915e-01,0.0000000000000000e+00,4.2046354037051996e-34,5.6651384310037416e-20,-2.6315055300625706e-34,2.6700571479569259e-18,-2.0901371619225369e+05,0.0000000000000000e+00,0.0000000000000000e+00,0.0000000000000000e+00,
0.0000000000000000e+00,0.0000000000000000e+00,1.1439556490535252e+00,1.3796655672804108e-07,-2.1200063779374572e-31,1.0323959522199464e-16,2.5598474853824654e-01,6.0668233510951039e-20,7.5660521126011231e-11,3.7078806986173431e-14,5.2734481671201570e-14,7.7781760627573641e-50,2.7101849641291035e-52,-1.6165894820845530e-37,-5.6705732619336450e-39,6.3799865266339228e-16,4.4919488733117983e-02,4.9071693347250712e-12,8.4638271608861446e-14,-7.7901522978878279e-36,4.5505917725287537e-15,-1.8131004069118072e-38,1.1041984215187069e-28,3.5889658194254212e-16,-5.6494182071007669e-51,3.9614782894996534e-17,-3.0089015157150881e-41,9.3055698572367262e-16,-1.0181211293329934e-35,5.2403147757856156e-16,-2.3748757001026188e-37,6.1372012605963307e-18,-1.5227955247023402e-32,-3.5367452020319123e-29,-2.9911234735238114e-33,8.3362637182550570e-17,1.3924594300869959e-18,-6.4361455067694003e-40,3.5383762334759169e-17,3.5078374490715958e-17,3.1849543341987739e-19,1.2191360654340487e-19,-7.4739229084792795e-51,1.7065137066175208e-19,-2.1556942857789635e-33,3.4695037601825288e-52,2.3715022591534175e-23,-3.0933315715257721e-33,1.6150609034999060e-19,-9.1268413236424741e-31,8.4305130803805872e-01,0.0000000000000000e+00,4.0634735142004487e-34,5.6651384022277892e-20,-3.1757391564351832e-34,2.6700567693378409e-18,-2.0901372496175012e+05,0.0000000000000000e+00,0.0000000000000000e+00,0.0000000000000000e+00,
0.0000000000000000e+00,0.0000000000000000e+00,1.1439565746882572e+00,1.0366944329153121e-07,2.4485950413972367e-33,9.0338990774730239e-17,2.5598496687470890e-01,5.3088707266993773e-20,6.9907272696927050e-11,3.4594705417146301e-14,4.9241295847076316e-14,3.3105585311077878e-49,2.2836234647606639e-51,-1.0590256298329234e-37,-3.9337027136737210e-40,5.8914844183284101e-16,4.4919530030437700e-02,4.5793322756143724e-12,8.1268739536663346e-14,-1.4587376883168599e-35,4.3743171851019352e-15,-3.1857231122552343e-38,-1.0917988354702403e-27,3.4552007031731109e-16,1.6013508148153888e-51,3.7844816936087414e-17,7.6481643477316192e-42,8.9211699527961603e-16,-2.2136701472458602e-35,5.0591119370549400e-16,-4.5861792089499525e-37,5.9674409152028710e-18,-6.4117098331598522e-32,-3.5370357397552549e-29,-5.7270363272485496e-33,7.2558292841059798e-17,1.2905707049249543e-18,-3.8181070063777575e-40,3.3051224638041950e-17,3.3372465320800062e-17,3.0590009709383053e-19,1.1316029706676945e-19,-4.7129275466963055e-50,1.6397503615065011e-19,-1.2476449417991068e-32,3.1383218989824799e-51,5.4969260075723086e-25,-7.2082818865123853e-32,1.5483106462058519e-19,-9.9974349683784912e-31,8.4305204615617035e-01,0.0000000000000000e+00,3.0693494350451527e-34,5.4739360891628322e-20,-6.0693473305739378e-34,2.5978310166988049e-18,-2.0901381289661932e+05,0.0000000000000000e+00,0.0000000000000000e+00,0.0000000000000000e+00,

