1
1
53
1
(32 0
((0,0) (7,31) (0,0))
((0,992) (7,1023) (0,0))
((0,960) (7,991) (0,0))
((0,928) (7,959) (0,0))
((0,896) (7,927) (0,0))
((0,864) (7,895) (0,0))
((0,832) (7,863) (0,0))
((0,800) (7,831) (0,0))
((0,768) (7,799) (0,0))
((0,736) (7,767) (0,0))
((0,704) (7,735) (0,0))
((0,672) (7,703) (0,0))
((0,640) (7,671) (0,0))
((0,608) (7,639) (0,0))
((0,576) (7,607) (0,0))
((0,544) (7,575) (0,0))
((0,512) (7,543) (0,0))
((0,480) (7,511) (0,0))
((0,448) (7,479) (0,0))
((0,416) (7,447) (0,0))
((0,384) (7,415) (0,0))
((0,352) (7,383) (0,0))
((0,320) (7,351) (0,0))
((0,288) (7,319) (0,0))
((0,256) (7,287) (0,0))
((0,224) (7,255) (0,0))
((0,192) (7,223) (0,0))
((0,160) (7,191) (0,0))
((0,128) (7,159) (0,0))
((0,96) (7,127) (0,0))
((0,64) (7,95) (0,0))
((0,32) (7,63) (0,0))
)
32
FabOnDisk: Reactions_D_00000 0
FabOnDisk: Reactions_D_00000 144244
FabOnDisk: Reactions_D_00000 288491
FabOnDisk: Reactions_D_00000 432737
FabOnDisk: Reactions_D_00000 576983
FabOnDisk: Reactions_D_00000 721229
FabOnDisk: Reactions_D_00000 865475
FabOnDisk: Reactions_D_00000 1009721
FabOnDisk: Reactions_D_00000 1153967
FabOnDisk: Reactions_D_00000 1298213
FabOnDisk: Reactions_D_00000 1442459
FabOnDisk: Reactions_D_00000 1586705
FabOnDisk: Reactions_D_00000 1730951
FabOnDisk: Reactions_D_00000 1875197
FabOnDisk: Reactions_D_00000 2019443
FabOnDisk: Reactions_D_00000 2163689
FabOnDisk: Reactions_D_00000 2307935
FabOnDisk: Reactions_D_00000 2452181
FabOnDisk: Reactions_D_00000 2596427
FabOnDisk: Reactions_D_00000 2740673
FabOnDisk: Reactions_D_00000 2884919
FabOnDisk: Reactions_D_00000 3029165
FabOnDisk: Reactions_D_00000 3173411
FabOnDisk: Reactions_D_00000 3317657
FabOnDisk: Reactions_D_00000 3461903
FabOnDisk: Reactions_D_00000 3606149
FabOnDisk: Reactions_D_00000 3750395
FabOnDisk: Reactions_D_00000 3894641
FabOnDisk: Reactions_D_00000 4038887
FabOnDisk: Reactions_D_00000 4183133
FabOnDisk: Reactions_D_00000 4327378
FabOnDisk: Reactions_D_00000 4471622

32,53
-2.4225142291472990e-19,-5.5897847674034032e-26,-1.2230451131866976e-16,-4.8667641108265095e-12,-3.1394937821042620e-18,1.3337651633782965e-19,8.3270107102852563e-24,6.0436606101244767e-28,-5.8146302239733216e-45,-6.3703904101920953e-47,-5.2201594589419942e-32,-1.9015703486226576e-33,1.9307644638089092e-19,-6.9701209402956430e-13,-1.6285118309637732e-24,-1.2116903504194741e-27,-2.8015874517109737e-30,1.0723855264260121e-27,-6.1195098487851097e-33,-2.0357594838762185e-22,-4.4874167704222595e-32,-1.2661469522001408e-45,-3.6169272504383391e-28,-6.7752019382719252e-36,-4.7079218823589985e-26,-4.2148702417846045e-30,-3.5026433933771607e-23,-1.0724374758282415e-31,-1.0546084226673402e-28,-1.8238406110070218e-32,-4.0584943300721818e-24,-1.3655093773816093e-27,-1.8520195451154401e-21,7.2827692214559767e-27,-6.7434448319893411e-35,7.7840756470933006e-24,1.1488172118269862e-31,4.8995266580691326e-29,-2.2831742548676462e-22,-6.9254269038879471e-45,6.1594429442974194e-30,-1.7323767845336646e-28,-4.4431092697759514e-47,-1.3902806786045359e-31,-2.2133148032762687e-33,5.1262838441619629e-30,-2.9417066259509587e-26,-9.5948908066250012e-12,-0.0000000000000000e+00,-8.0198056789747150e-30,2.0148838336936213e-31,-1.0970245091071189e-28,-7.1589127148806821e-29,
-5.8539193038557110e-06,-3.2558169594622219e-07,-4.3415017194502743e-05,4.2029542720264576e-05,-3.9131059593083101e-04,2.6256997107997987e-04,-3.1324123655360803e-07,-3.1430652966460199e-08,-1.0767640230033536e-23,-4.1898614657003044e-22,-1.6846885839185571e-19,-5.2616343934798233e-21,-1.1083267192344381e-18,-7.5535403634103133e-19,-2.2871410831471357e-04,3.5935323522728082e-04,-7.7374290521469577e-13,-6.7086461219822573e-15,-4.7286482494386841e-21,-9.2802546400403874e-22,-1.1831046136181912e-19,-8.3301453317292196e-28,-1.3815358804522844e-24,-6.2919376507299430e-31,-2.0318010583566538e-30,-4.3307951577041751e-31,-3.9899039705561900e-32,-1.2275076253772434e-20,-1.6526538716800163e-20,-3.5238612805637388e-24,-1.6117673763784905e-11,-4.0108445602770031e-12,-8.0685640065873495e-13,-3.1095752828866888e-12,-1.4729412220535506e-11,1.1691858212374198e-05,2.0340768581675133e-08,-6.7138430613046602e-07,-5.5997171751557437e-12,-3.4197263178527382e-18,-5.1888076471028575e-15,-5.8254072207316721e-23,-1.7155333328910537e-24,-2.1428298267595578e-13,-7.7754143735005764e-15,-3.3993170034562288e-12,-7.9966444670904347e-14,-5.0365329089267687e-06,-0.0000000000000000e+00,-7.2082811525543074e-39,-1.9734391343414850e-40,-3.9947221448602186e-27,-1.3240706506712224e-29,
-5.8558643628531505e-06,-3.2577676636068952e-07,-4.3418469932606355e-05,4.2029210223694423e-05,-3.9134141899291655e-04,2.6257645066796252e-04,-3.1324549891730153e-07,-3.1431115685051725e-08,-1.0642972822138820e-23,-4.1898499998317940e-22,-1.6846852103705908e-19,-5.2616231834668276e-21,-1.1083273550580066e-18,-7.5535822244058018e-19,-2.2871676111960857e-04,3.5935370305831141e-04,-7.7374621222264392e-13,-6.7086511953671915e-15,-4.7285702578339242e-21,-9.2802326850974261e-22,-1.1831067055833206e-19,-8.3301081127953853e-28,-1.3815326331407604e-24,-6.2918942334911725e-31,-2.0316901247087820e-30,-4.3304457196314617e-31,-3.9884257088841738e-32,-1.2275064034847574e-20,-1.6526575868618497e-20,-3.5238651204909978e-24,-1.6118764474106383e-11,-4.0111075045654178e-12,-8.0690245052063611e-13,-3.1096400486146810e-12,-1.4729640022599650e-11,1.1691861675183886e-05,2.0340773172589376e-08,-6.7138313045804264e-07,-5.6000890411867122e-12,-3.4197392042469219e-18,-5.1888039904559169e-15,-5.8253064214144898e-23,-1.7155279130579844e-24,-2.1428315665543076e-13,-7.7754067516136131e-15,-3.3993116696808738e-12,-7.9966336455049922e-14,-5.0365429056053838e-06,-0.0000000000000000e+00,-7.2079732383568753e-39,-1.9734046380329292e-40,-3.9947048026444346e-27,-1.3240644676275308e-29,
-5.8639448217040044e-06,-3.2657418570044689e-07,-4.3435163849960801e-05,4.2029223658657174e-05,-3.9149028081897558e-04,2.6261368382365208e-04,-3.1328169493856583e-07,-3.1434900402343282e-08,-1.0282217714223959e-23,-4.1898145251257648e-22,-1.6846865534015422e-19,-5.2616208948623891e-21,-1.1083550376214333e-18,-7.5539065340541604e-19,-2.2873961760903224e-04,3.5935819929777511e-04,-7.7380343240084184e-13,-6.7090741599960289e-15,-4.7282956459466803e-21,-9.2802132042795042e-22,-1.1831463382845595e-19,-8.3299653584913520e-28,-1.3815211145359497e-24,-6.2917332530334580e-31,-2.0325749765801377e-30,-4.3301195544344769e-31,-4.0075802355292054e-32,-1.2275182004464463e-20,-1.6527082772078951e-20,-3.5239106744621594e-24,-1.6124264606688632e-11,-4.0124247327236260e-12,-8.0713096837920283e-13,-3.1100308897617339e-12,-1.4731454725175391e-11,1.1691883007514008e-05,2.0340755737591130e-08,-6.7139504497672964e-07,-5.6030689038321731e-12,-3.4198777074891142e-18,-5.1888234476550423e-15,-5.8249193666687404e-23,-1.7155104683790327e-24,-2.1428354803992380e-13,-7.7753711491742912e-15,-3.3992908018748790e-12,-7.9965942546261373e-14,-5.0365811663957531e-06,-0.0000000000000000e+00,-7.2070306236938063e-39,-1.9732528406689811e-40,-3.9946495477699691e-27,-1.3240407739428738e-29,
-5.8927755356283854e-06,-3.2935685609627044e-07,-4.3504768148793226e-05,4.2032804971013410e-05,-3.9211256270629884e-04,2.6277905798377564e-04,-3.1350737929607785e-07,-3.1457980930279984e-08,-1.0502230364941660e-23,-4.1898626957189653e-22,-1.6848831059042971e-19,-5.2622064906266818e-21,-1.1085667301560996e-18,-7.5558060927575130e-19,-2.2887738094223999e-04,3.5939634866012573e-04,-7.7420501619550899e-13,-6.7123739283979197e-15,-4.7272946986421328e-21,-9.2813386948624171e-22,-1.1834238818832329e-19,-8.3295924945911687e-28,-1.3815314625334853e-24,-6.2913339973912272e-31,-2.0343244422260502e-30,-4.3305431038479052e-31,-4.1058508760322011e-32,-1.2276716467721478e-20,-1.6530560953579531e-20,-3.5242133267267445e-24,-1.6147998634514016e-11,-4.0180778933283051e-12,-8.0811556441470164e-13,-3.1120197368032871e-12,-1.4741745175561606e-11,1.1691987841240996e-05,2.0340283674287777e-08,-6.7156085826573462e-07,-5.6207479398353828e-12,-3.4207909100653737e-18,-5.1892187498219838e-15,-5.8232666499584553e-23,-1.7155475115639564e-24,-2.1428361143178978e-13,-7.7751959917794380e-15,-3.3992230001638503e-12,-7.9971884862661848e-14,-5.0366737505227500e-06,-0.0000000000000000e+00,-7.2048893121340573e-39,-1.9729354509705341e-40,-3.9945169222392799e-27,-1.3239862849680940e-29,
-5.9817691363278855e-06,-3.3768507790077294e-07,-4.3758752924752097e-05,4.2067497854908411e-05,-3.9437980604930270e-04,2.6341624988961495e-04,-3.1456462773980698e-07,-3.1564957406468097e-08,-1.0967238105718971e-23,-4.1915270346894158e-22,-1.6860324162791406e-19,-5.2656993221651956e-21,-1.1095633466458329e-18,-7.5638998895778018e-19,-2.2953480423206057e-04,3.5962436586051502e-04,-7.7636914805628083e-13,-6.7299155031371850e-15,-4.7241809469105452e-21,-9.2877938641713555e-22,-1.1846538213194022e-19,-8.3298986834743262e-28,-1.3820038175678856e-24,-6.2898939581289543e-31,-2.0379360085316676e-30,-4.1903741119573248e-31,-4.4334534483776394e-32,-1.2284962062564670e-20,-1.6545856155683112e-20,-3.5256512396664317e-24,-1.6236283115710406e-11,-4.0389949303696603e-12,-8.1182595171534214e-13,-3.1206890575271787e-12,-1.4790086781722976e-11,1.1692434873485498e-05,2.0337127844173790e-08,-6.7259423534944236e-07,-5.7020190260215602e-12,-3.4255094570097739e-18,-5.1920830323589087e-15,-5.8171796270187798e-23,-1.7163289296457219e-24,-2.1428266826733577e-13,-7.7745604645324419e-15,-3.4000632621316997e-12,-8.0030226804183826e-14,-5.0367579023922505e-06,-0.0000000000000000e+00,-7.1230563818006171e-39,-1.9735363267137808e-40,-3.9957001490219190e-27,-1.3242076488781378e-29,
-6.2234181575386250e-06,-3.5937521199096944e-07,-4.4577912564887470e-05,4.2248586989423559e-05,-4.0166203489490105e-04,2.6556313892869561e-04,-3.1864206670554639e-07,-3.1973488532787947e-08,-1.0753310068667673e-23,-4.1985839118035234e-22,-1.6894131801766623e-19,-5.2760171988512696e-21,-1.1123242049651132e-18,-7.5857730801116406e-19,-2.3212643948149767e-04,3.6070550016601371e-04,-7.8522746837887947e-13,-6.8029813356196413e-15,-4.7162787888439326e-21,-9.3049159728953243e-22,-1.1878065234964931e-19,-8.3335890919771337e-28,-1.3834089542409984e-24,-6.2899712195578297e-31,-2.0393330707331255e-30,-4.1892034265704880e-31,-4.5176296619512901e-32,-1.2309332061755807e-20,-1.6583411135874271e-20,-3.5299090751900775e-24,-1.6523333503226137e-11,-4.1075861801510735e-12,-8.2419279385785442e-13,-3.1533942741850981e-12,-1.4982693450520143e-11,1.1694075843858282e-05,2.0322308368489670e-08,-6.7736642679370411e-07,-6.0139106504677546e-12,-3.4458461667155777e-18,-5.2073706214275124e-15,-5.7979243801917541e-23,-1.7190143317984389e-24,-2.1427082594332477e-13,-7.7757917334105957e-15,-3.4081299894039920e-12,-8.0356781992714633e-14,-5.0367515231817227e-06,-0.0000000000000000e+00,-7.1308482635349098e-39,-1.9833883107401445e-40,-3.9992146961343409e-27,-1.3250759969055232e-29,
-6.8168562081068899e-06,-4.1002559335051576e-07,-4.6940324216088080e-05,4.2951932070529322e-05,-4.2257221498402707e-04,2.7198047892016249e-04,-3.3195806149554707e-07,-3.3298185461625658e-08,-1.0132187926041588e-23,-4.2102537454198541e-22,-1.6918818345256332e-19,-5.2834349980224762e-21,-1.1145783359017008e-18,-7.6059191133250839e-19,-2.4076849506844862e-04,3.6494390310921199e-04,-8.1521518567806915e-13,-7.0538815483483673e-15,-4.6977669829581976e-21,-9.3123673904947887e-22,-1.1898037060204003e-19,-8.3338832554639679e-28,-1.3838175352750248e-24,-6.2863891957933879e-31,-1.9928375087556738e-30,-4.1655443620351132e-31,-3.6789688997067222e-32,-1.2329218790414939e-20,-1.6601145455343216e-20,-3.5339080134933482e-24,-1.7354472777739552e-11,-4.3093169619316715e-12,-8.6111375513156548e-13,-3.2610928608211839e-12,-1.5607658664287996e-11,1.1699236511627959e-05,2.0268790823936348e-08,-6.9515980606336889e-07,-7.0353378792183014e-12,-3.5205136706738165e-18,-5.2729730932003862e-15,-5.7451902070094192e-23,-1.7211169447031089e-24,-2.1422674094050745e-13,-7.8119866362932412e-15,-3.4494570266929847e-12,-8.1740867972708576e-14,-5.0359794633411843e-06,-0.0000000000000000e+00,-7.1310060290310491e-39,-2.0089246957005888e-40,-3.9997026081066485e-27,-1.3251670335932426e-29,
-8.1747789205459913e-06,-5.2021454639754999e-07,-5.3097443533247242e-05,4.5185076537096805e-05,-4.7690007562652484e-04,2.8932324689338819e-04,-3.6955806798277200e-07,-3.7018668168747686e-08,-9.3845307703508023e-24,-4.2110703706282958e-22,-1.6913764847981988e-19,-5.2817306679360517e-21,-1.1143861647369582e-18,-7.6054435777277054e-19,-2.6561116862221809e-04,3.7900793182533597e-04,-9.0220235266747176e-13,-7.7869776786325686e-15,-4.6481737350125933e-21,-9.3026854702024780e-22,-1.1892162651340801e-19,-8.3180168878898514e-28,-1.3820484524352565e-24,-6.2713916103709701e-31,-1.7089871822916163e-30,-3.8288648802897149e-31,7.4963091108320732e-34,-1.2326942002356814e-20,-1.6585300514526345e-20,-3.5337095973862510e-24,-1.9533193520230364e-11,-4.8471115281734788e-12,-9.6081167370326997e-13,-3.5729004489998127e-12,-1.7365389287576514e-11,1.1713202205080131e-05,2.0114233896011491e-08,-7.5078530018069035e-07,-9.9423638902658737e-12,-3.7562107051048141e-18,-5.5051596880039363e-15,-5.6194156365868609e-23,-1.7206887335311358e-24,-2.1480772305740379e-13,-8.0008437903180279e-15,-3.6062380541362002e-12,-8.6479541628933305e-14,-5.0307148007633362e-06,-0.0000000000000000e+00,-6.9623669031279765e-39,-2.0378709137846065e-40,-3.9912188394875614e-27,-1.3215830908037984e-29,
-1.1125939208801858e-05,-7.5049121910673215e-07,-6.7741857136028645e-05,5.1262165408557129e-05,-6.0571512026071886e-04,3.3238641488750098e-04,-4.6355037543861492e-07,-4.6261335410087736e-08,-9.1744219956838225e-24,-4.1884189691243725e-22,-1.6676652266361891e-19,-5.2073032014893299e-21,-1.0986570638010426e-18,-7.5027313856597742e-19,-3.2840012241172660e-04,4.1926191861941511e-04,-1.1245582073952586e-12,-9.6631966276242242e-15,-4.5079762440500193e-21,-9.1267205558865484e-22,-1.1681877626755491e-19,-8.1765439749648054e-28,-1.3589994641516158e-24,-9.9270154511488433e-31,-9.2861630696743151e-30,-8.6382862187692523e-30,-7.6972629985086997e-34,-1.2169681104708224e-20,-1.6257790296412590e-20,-3.5062412187019672e-24,-2.4758281657710485e-11,-6.1602466751583435e-12,-1.2060820694805901e-12,-4.3734666618726264e-12,-2.1748194527572273e-11,1.1746304344790303e-05,1.9741856856155402e-08,-9.0021717434128124e-07,-1.7274998571602168e-11,-4.4028857856999183e-18,-6.1932035421719217e-15,-5.3642221406923811e-23,-1.6999368741592479e-24,-2.1802889549007317e-13,-8.6656453366048633e-15,-4.0786504417214440e-12,-1.0000495918037478e-13,-5.0095156958482670e-06,-0.0000000000000000e+00,-2.0394063596175443e-38,-2.1701010726996760e-40,-3.9100529275706212e-27,-1.2952420911365124e-29,
-1.7264484722892869e-05,-1.2200409148256273e-06,-9.9935127971975489e-05,6.5842251904284091e-05,-8.8691813018792532e-04,4.3151643705147070e-04,-6.7764792402832062e-07,-6.7073346581622299e-08,-9.0298942387465740e-24,-4.0945008240663052e-22,-1.5737667881399875e-19,-5.0127030715999393e-21,-1.0327173051422277e-18,-7.0425668281892822e-19,-4.7121056442320979e-04,5.2062972462658648e-04,-1.6421079354570133e-12,-1.4006855902343262e-14,-4.2156248348234414e-21,-8.6427812644288866e-22,-1.0883723198855257e-19,-7.7187394224476641e-28,-1.2800143363642422e-24,-7.8802253974482321e-31,-6.9702902085225728e-30,-6.3846010547368843e-30,-1.0312039438824390e-31,-1.1511560119164204e-20,-1.5095855369786758e-20,-3.3714226857731835e-24,-3.6326066291962854e-11,-9.1443317116072179e-12,-1.7619462428471801e-12,-6.2221764964351763e-12,-3.1694384732421891e-11,1.1817240891654816e-05,1.8950316042537064e-08,-1.2531390899129536e-06,-3.4076340758214501e-11,-5.9787403261601905e-18,-7.9429726030521045e-15,-4.9564380995075164e-23,-1.6168594686984270e-24,-2.2796429406215564e-13,-1.0445395336965954e-14,-5.2519949314058896e-12,-1.3305513576317265e-13,-4.9446206935371481e-06,-0.0000000000000000e+00,-1.4872360107424073e-38,-2.0575227452578301e-40,-3.6550516699600640e-27,-1.2175994327343894e-29,
-2.9602968227436522e-05,-2.1670893365052147e-06,-1.6666277075176570e-04,9.7200896203303170e-05,-1.4602723457959607e-03,6.4439896899957157e-04,-1.1375257989540868e-06,-1.1076892047884205e-07,-1.1095518285039964e-23,-3.7643065782381283e-22,-1.3888695124488016e-19,-4.3513471421117914e-21,-9.0017557922658093e-19,-6.0849659010971888e-19,-7.7175910547259920e-04,7.5052474146200347e-04,-2.7843354184737905e-12,-2.3455001838509175e-14,-3.7275687250026352e-21,-7.3756269597904785e-22,-9.3366602161494379e-20,-6.8813532371872201e-28,-1.1309048028035396e-24,-1.0217184032796066e-30,-2.3525051795027980e-29,-2.1323487772677440e-29,-3.3399731385340019e-31,-1.0201863473327544e-20,-1.2881887984629636e-20,-3.0694965816328440e-24,-6.0348544959935892e-11,-1.5633555756897660e-11,-2.9474430573692672e-12,-1.0145920483745583e-11,-5.2905174639362967e-11,1.1960093030547537e-05,1.7380164199440909e-08,-2.0047132212022414e-06,-7.0189222670243792e-11,-9.5246209956170779e-18,-1.1938340733005194e-14,-4.6019942369045115e-23,-1.4572911854638658e-24,-2.5067909219533714e-13,-1.4329607966587388e-14,-7.7329317149175638e-12,-2.0447176101276010e-13,-4.7806966550307736e-06,-0.0000000000000000e+00,-2.9541413763294629e-38,-1.9456305716198664e-40,-3.2012699892911833e-27,-1.0768756187888464e-29,
-5.4076610936703240e-05,-4.1070019540214798e-06,-3.0074074066662387e-04,1.5814832316871628e-04,-2.5748413167080405e-03,1.0760858238401160e-03,-2.1058920558931578e-06,-1.9902844216268873e-07,-1.7957749530039854e-23,-4.3049625457449178e-22,-1.1896704620106890e-19,-4.1970413534161118e-21,-8.2194869279051410e-19,-7.7116928564761702e-19,-1.3760524538974216e-03,1.2334128990251357e-03,-5.2976276240913633e-12,-4.3654130844380036e-14,-4.0542273212385672e-21,-6.8827494438269764e-22,-7.7694761905228964e-20,-2.7663579903989367e-27,-4.3628878275881457e-24,-1.2850999545777045e-28,-1.7972207187025576e-26,-5.0219215084341910e-29,-2.8894642391881326e-27,-8.6888335221601834e-21,-1.0143881529873757e-20,-4.5643620021462172e-23,-1.0837678425565719e-10,-2.9700204877217814e-11,-5.4030520009936487e-12,-1.8003685063001000e-11,-9.7057036138212194e-11,1.2239225241677641e-05,1.4387458002152233e-08,-3.4860251950950136e-06,-1.4598441069495320e-10,-1.7353347449505234e-17,-2.0775357378642570e-14,-6.4027824569414219e-23,-1.3679323776523975e-24,-2.9571713556705490e-13,-2.1855846766930706e-14,-1.2352574250447439e-11,-3.4676678066696364e-13,-4.4213058118950169e-06,-0.0000000000000000e+00,-5.3368197317012815e-36,-9.3131493721787759e-38,-2.7209373148502454e-27,-2.1427143383756519e-28,
-1.0342360891214998e-04,-8.3016103480272568e-06,-5.7065634723648187e-04,2.6430273682165350e-04,-4.6870199045153625e-03,1.9199928888536163e-03,-4.1884781166984198e-06,-3.7614795951997505e-07,-3.6992402808715758e-23,-1.3765610535088421e-21,-4.4071111807967394e-19,-2.8699265692832233e-20,-6.9070785294803989e-17,-2.0717630351755597e-18,-2.5780795138136839e-03,2.2034739069423321e-03,-1.1158509389960199e-11,-8.8422417495233476e-14,-4.5676995394644737e-20,-1.1012876660689735e-20,-3.8245698634139158e-19,-7.9076295128963541e-26,-1.2175374382128061e-22,-4.8397435870445190e-27,-8.2192564280821581e-25,-6.1143735528929346e-26,-4.3790428544034600e-25,-7.7636014533612121e-21,-7.1468712997247273e-21,-1.5961017753817810e-21,-2.0378662236011303e-10,-6.1643484695188735e-11,-1.0520895771065172e-11,-3.3187484140347714e-11,-1.9077791757579695e-10,1.2778545612007806e-05,9.0029236489707583e-09,-6.2399853160417563e-06,-3.0863156076354475e-10,-3.5766627272129007e-17,-4.1937111245310654e-14,-1.4137201911801682e-22,-4.8567272884981705e-24,-3.9213762628329143e-13,-3.6595610760235855e-14,-2.0178673670665912e-11,-6.2118681401501944e-13,-3.7099105303526822e-06,-0.0000000000000000e+00,-8.7570918267274009e-35,-2.1069077636743883e-36,-2.6015291454407805e-27,-1.4298660513525424e-26,
-2.0794730278620734e-04,-1.8311333212730948e-05,-1.1349300002104611e-03,4.1938254117097982e-04,-8.6655224477534022e-03,3.5511908491270049e-03,-8.9403614184460988e-06,-7.3994744203817592e-07,-9.2804332565079040e-23,-1.4338120134355886e-21,-7.1450066204550304e-20,-3.3135249571496677e-21,-7.9066865682306483e-18,-5.1999618401000024e-17,-5.0332751319524119e-03,4.1335464178522303e-03,-2.6736063910077220e-11,-1.9793601959764590e-13,-1.0456300163187541e-20,-8.0664225250050778e-22,6.1890185486235573e-21,-1.0348605428079687e-24,-1.5039208051957952e-21,-2.0217191589445753e-27,-2.7008317620585800e-25,-6.6162172955669986e-27,-5.3149825042618534e-26,-5.2127274005868643e-21,2.6130824442933134e-21,-2.0242033525988094e-20,-3.9822122360584594e-10,-1.4164878164893788e-10,-2.1573973766937868e-11,-6.1650302473591230e-11,-4.0398787391835367e-10,1.3823447908934578e-05,8.1367575708160853e-10,-1.1062959321257225e-05,-6.8285717717963021e-10,-8.6244196691020497e-17,-1.0320859382393175e-13,-5.3139928708534772e-22,-3.1121565603313641e-24,-6.3893342133307194e-13,-6.9637536911513651e-14,-3.2476273842442930e-11,-1.1568572359432212e-12,-2.4101004843157456e-06,-0.0000000000000000e+00,-3.1960737463324113e-35,-7.7029515885770646e-37,-1.1825813564900650e-27,-6.9668160025455974e-27,
-4.4993221075422793e-04,-4.6102165737390310e-05,-2.4127137343521489e-03,1.9106341560222017e-04,-1.6263931296506676e-02,6.7517155035719464e-03,-2.0793926243367171e-05,-1.5240422226127824e-06,-2.9029167620933304e-22,-7.5492429290202599e-21,-1.1603947543992102e-18,-3.5544082600017046e-20,-1.7973349738775127e-17,-7.2059094837427680e-18,-1.0411322204650091e-02,8.0816608550520336e-03,-7.8171218323876383e-11,-5.1604589828820391e-13,-6.1820731049944165e-20,-4.2331586723985245e-21,-3.0849125675940163e-19,-4.3807422765362221e-24,-5.7167165371477573e-21,-4.2001185845855858e-27,-1.0027842433150632e-26,-3.4979049302440468e-28,-2.7963657566231774e-27,-5.6607059661915397e-20,-3.3023863868154102e-20,-7.2191093713874698e-20,-8.1889313276938346e-10,-3.7318316583958608e-10,-4.6671602478441660e-11,-1.1188400418056234e-10,-9.5505156946288132e-10,1.5894751437300883e-05,-4.3605762953859046e-09,-1.8691421861785645e-05,-1.6479035789409777e-09,-2.7053654821153413e-16,-3.5222728310582590e-13,-3.4453291367359499e-21,-2.3967744848774382e-23,-1.2205518859296800e-12,-1.6711610772397249e-13,-5.0558692236350768e-11,-2.2529449190477791e-12,-2.5371086911744889e-07,-0.0000000000000000e+00,-3.6123469110963260e-33,7.8753374799538490e-38,-4.6203434786054340e-26,-2.6565812988491886e-28,
-1.0958010318040026e-03,-1.4214617261341871e-04,-5.7237268679181724e-03,-2.8486642836875195e-03,-3.1422138674782468e-02,1.3345631981923093e-02,-5.3910749948387649e-05,-3.3361844957235412e-06,-1.5692950843966382e-21,-8.2846344209700553e-20,-2.2121862192240568e-16,-3.0924075904566905e-19,-5.2469156924869663e-17,-1.7299916198263933e-17,-2.3744180437334225e-02,1.6755767839225156e-02,-3.1242472444023690e-10,-1.7110240144236027e-12,-4.0543309976169422e-19,-2.7086878575366191e-20,-1.9585491675433288e-18,-1.0275874090149568e-23,-6.6763197945447091e-21,-1.2041932250618900e-23,-3.4909424375134492e-23,-6.3863092169806066e-24,8.7030254864814143e-28,-3.2981106565282788e-19,-2.2035462311499645e-19,-7.9526831908720285e-20,-1.8241978143965716e-09,-1.1731222401877398e-09,-1.0542828678728721e-10,-1.8547330773591303e-10,-2.6922443649488634e-09,2.0225234450771389e-05,-3.9049717736660436e-09,-2.7968389139253817e-05,-4.5234212637603121e-09,-1.4903460253661178e-15,-2.2300366383492699e-12,-4.7037347879266650e-20,-1.9403929457355015e-22,-2.6354742167983086e-12,-6.4552387571946132e-13,-8.1707233486078696e-11,-4.8155326033610526e-12,2.6397379363752270e-06,-0.0000000000000000e+00,-7.8766241464471532e-28,3.3098007566534576e-32,-6.3667335187565704e-25,-4.4283219805090641e-24,
-3.2396616633330925e-03,-5.9787362490973926e-04,-1.6349023880532401e-02,-2.0106335999398539e-02,-6.4602711251435976e-02,2.8435134612953834e-02,-1.6203173662694096e-04,-8.0096895913371926e-06,-8.7745952713702746e-19,-6.0500915844676196e-17,-2.4296606606953318e-16,-1.2744464238841984e-17,-2.0814633535888204e-15,-1.8615442279318549e-17,-6.3881382833355815e-02,3.8365419120268834e-02,-2.0118323501327670e-09,-8.2141834501041904e-12,-8.6806627189614893e-18,-3.8628089807106639e-19,-1.1115949216185912e-16,-6.4578915489164283e-21,-1.9993179701225456e-18,-4.3576359789134462e-19,-1.1525831815753896e-18,-2.8450638784020323e-19,6.4097606512904253e-23,-2.9902706085212087e-17,-2.2797042648825991e-18,-3.8150200084039045e-19,-4.5840137523072658e-09,-4.5288215140500603e-09,-2.3512194441492268e-10,-2.3090721469724604e-10,-1.0048539918071197e-08,3.0179933833798965e-05,3.5849133098084031e-08,-3.1188542108372942e-05,-1.4377753910829122e-08,-2.5487521495720819e-14,-3.6974255311257334e-11,-2.2147045233675641e-18,-5.0729445645876591e-20,-9.8860983283145465e-12,-5.3026465872313467e-12,-2.7937523946203690e-10,-1.6558299911111607e-11,-7.0725114270388505e-06,-0.0000000000000000e+00,-1.5140259740369523e-22,1.1373189822633333e-26,-1.7412254987192286e-20,-3.8948864265319496e-19,
-1.2994949058872213e-02,-4.0805516417372067e-03,-6.3828190947650493e-02,-1.3383907666763181e-01,-1.4658725720718946e-01,7.0800564589421716e-02,-6.2178305273573201e-04,-2.3320472945106025e-05,-2.5734379085995808e-15,-1.1258686218590335e-13,-9.8316049773920483e-13,-8.4568459927640603e-14,-1.7336821486028279e-11,5.4950374235566929e-15,-2.3019160066589986e-01,1.0390854161065660e-01,-2.7231462719214374e-08,-8.1766320044852513e-11,-8.6909751791841392e-14,-9.2851082276354097e-17,-3.4047472388258049e-13,-1.9270497973963369e-16,-7.7214623164265163e-14,-1.4769011106909836e-14,-3.1362957731536159e-15,-7.2120754989437045e-15,5.3510675756725875e-18,-1.6152507454983939e-13,-8.8555868569866406e-14,-2.1947770452402968e-15,-1.3064697694189552e-08,-2.2760486619956205e-08,-5.1348339951838838e-10,-2.2919840348185309e-10,-5.8626908462328585e-08,5.6846316521143609e-05,2.5362092176697094e-07,-2.9348710272023059e-05,-4.9403399894250177e-08,-2.6434529026110292e-12,-2.7741463790472492e-09,-1.2576518995539643e-15,-2.3884771759397586e-16,-1.4165483590254160e-10,-1.4603000582472578e-10,-6.9773561133626830e-09,-4.0882828739034278e-10,-6.8088369147994239e-05,-0.0000000000000000e+00,-2.9551739425129851e-17,3.7759212155360409e-21,-3.1653313800113253e-16,-3.1863749522631782e-14,
-5.3860062152123175e-02,-4.5371920242416770e-02,-3.1652880231636443e-01,-2.0185848018802375e+00,-2.3014233010192336e-01,2.4103609657585892e-01,-3.7319541878052982e-03,-1.3244057669898834e-04,-1.7470490986005270e-10,-5.4298586663532913e-09,-1.2150820171318720e-07,-1.0805822075670516e-08,-2.3902283385574088e-06,-9.7258016381309347e-06,-2.8193498088747035e+00,3.7950993010711681e-01,-1.9568677570059369e-06,-3.2944792665838305e-06,-2.1814787008278799e-08,-3.1845007997806319e-09,-1.1693210777612793e-07,-1.4011040041595908e-11,-5.2557106627102013e-09,-4.2893933293017196e-10,8.2817971840244263e-15,-1.6569235535587600e-12,4.4409144420625161e-13,-2.7988815472310006e-08,-2.6976482836448568e-07,-3.6711871259246858e-10,-6.1411298200802106e-08,-2.4668367265443429e-07,-4.5852289586554185e-08,-3.2669422170950898e-08,-5.3576657294919665e-07,1.4709416412207692e-04,7.7094300360970928e-07,4.5577704264148233e-06,-1.6500540197339977e-07,-6.0409512251466143e-09,-4.5612829283412100e-06,-8.8681622825081645e-11,-2.2886651796901104e-11,-1.0520340293856868e-07,-4.9090860485418357e-08,-2.9032754876603477e-06,-2.8599883539923755e-07,-3.2135619029779973e-04,-0.0000000000000000e+00,-5.0170320854083127e-12,1.2656163440511263e-15,-6.4600463552829894e-11,-1.9327046503665510e-09,
-1.2908968322904344e+00,-5.1461284694364307e-01,-3.8352109820815876e+00,-1.1150465080147669e+02,-5.4681941044944073e+00,4.1472055875892123e-02,-6.6866961960139470e-01,-1.9455473138883686e-01,-4.5630623568161206e-05,-1.1630892228238223e-03,-2.6617297808471295e-02,-2.3291167905684128e-03,-1.8385358855171712e+00,-3.6604977808068632e+01,-2.1103512104361485e+01,3.8515271966123852e-03,-5.5058544128751934e-02,-2.0742012537714167e+00,-5.4630725639866961e-03,-2.7707679102230411e-02,-3.2105353267900810e-01,-2.0894121481604795e-05,-4.6498999572833037e-02,-6.2199156758827997e-03,-8.5842815292372365e-01,-7.2138841635039044e-02,-1.8142509242038534e+00,-1.1293412651304759e-02,-2.5970029197715444e-01,-2.2300975333591579e-04,-1.0679426036487478e-05,-3.0009584531946974e-06,-2.7373327623326837e-06,-3.5368976744622435e-06,-2.6218915047722348e-06,-4.1270648057003097e-04,-5.8497191086354799e-04,6.7996681720925886e-10,-9.5124490938409181e-07,-3.1586470890514635e-07,-2.7579240181302238e-04,-3.2479041703942077e-07,-7.1502075618645415e-06,-2.9988451198839770e-05,-7.5249367328967089e-07,-1.3957015975169383e-04,-7.3622958066000822e-06,-1.1118480042248847e-03,-0.0000000000000000e+00,-4.1141627992793988e-04,-4.8729742483802310e-02,-4.2336592968852680e-03,-1.6884482438595097e-01,
-1.1028641999288392e-04,-6.4437024729114298e-05,-1.2568138568553667e-04,-2.7419418888180017e-02,-1.6237793795954058e-03,5.3394490922859666e-11,-1.9894225923885026e-02,7.7281462217509773e-11,-1.6672653377664781e-12,-3.7614568866090409e-07,-5.4226878590192135e-07,-1.3679483257332566e-08,-5.8773229726733021e-03,-1.0018278118983101e-02,9.7223608897249909e-14,-2.1793010867226719e-06,-3.5659073742775163e-06,4.2968790804993245e-11,-4.8915806722734750e-08,-5.1695802939049811e-03,-2.5271836382559033e-06,-1.3928640063152857e-06,-1.8775949127499504e-05,-1.4214512994318424e-08,-7.5093449062148009e-08,-4.9353979079902046e-05,7.4474718939082949e-13,-1.4784101847028663e-07,-2.1086457930442631e-05,-4.9919819824830013e-10,-2.5896341860469071e-11,-5.9042073868094473e-09,-7.9563373584356105e-09,2.8041826754100096e-14,-8.1681097462701686e-12,-1.2130169903282970e-04,2.6677369905334167e-13,4.2444046022076604e-20,-5.4429925626867880e-09,-6.9801456577531310e-10,-2.6206333749594459e-10,-2.7671266719355857e-15,-5.4400094106974197e-07,-3.1566860405110358e-11,-3.3346189656601296e-13,-4.7160848890100746e-13,-1.3941777337201241e-09,-3.7060450774895060e-07,-0.0000000000000000e+00,-2.3588462583360629e-06,-9.0353063401404218e-07,-8.1840868529239074e-06,-5.3476518313332420e-05,
-1.4552053138883192e-14,-3.7579692633018877e-15,-1.0077879101094411e-11,-5.4077945463651411e-12,-8.4436420027282688e-12,3.2210752924784983e-14,-7.8853546227691502e-11,2.5759469911004919e-16,-9.1381468193593307e-28,-2.4327931476175490e-24,-1.7684814271845044e-20,-6.8963244228778801e-22,5.3578979616777397e-14,-3.8067809592524232e-11,4.8504547631129458e-19,1.9164947612241098e-20,-3.6803172792141375e-19,1.4448401874395397e-16,-1.3045592136675046e-21,-3.4337915577639048e-12,2.0172851032765623e-21,-1.5179100574106614e-29,-1.1340646818487469e-17,-8.3832610939867257e-24,-1.8496941646203058e-15,-4.2700893689085529e-18,3.4699008317718357e-18,-1.2679770811975325e-20,-8.8627028287520793e-18,-3.5814285097033936e-27,-5.0607900532758818e-18,-5.9857680183329021e-18,-2.0856845792934134e-14,2.3910016369184877e-17,-2.4936148608474534e-26,-9.3527436853930786e-14,8.5783372118170190e-19,1.6062113642618994e-23,-1.2785595230485397e-19,-1.2220548278535525e-33,6.5334249031309419e-26,1.4693333908354051e-25,-1.2084514789194455e-25,-7.8381219542759733e-27,-6.5869885585954486e-29,4.4235615862844329e-23,-1.1561223303551774e-18,-9.7824359290149543e-12,-0.0000000000000000e+00,-5.8494081604942733e-20,-2.5585851491065879e-24,-1.0960281159321077e-17,-6.5935497721778841e-18,
-1.6534083130403943e-17,-1.0350785449658337e-21,-2.5583592988164467e-14,-4.1589818069488749e-12,-7.0643584064879200e-18,2.4768841093612500e-15,-3.4580999840276807e-16,9.2272298475731995e-19,-2.8599792708155893e-40,-1.2076825873592040e-43,-6.5333007693351094e-27,-2.0604051590144172e-28,4.1324732873067075e-15,-6.1023077189232763e-13,2.3434026753627274e-21,8.5832913249447762e-23,-2.9402675327106798e-25,6.1301912686988908e-19,-7.1180386376989358e-28,-5.1321745071033647e-18,4.7652752256121869e-24,-2.0538037337157376e-40,-3.8733701535075856e-23,-1.1611992218605929e-30,-5.7413733900253349e-21,-9.3724815686922599e-25,1.3837002767830496e-20,-1.0767304732802245e-26,-1.8326917524290415e-23,-7.6420900193285519e-31,-2.3612691508319237e-19,-5.5903690063694378e-23,-1.9158186092208325e-17,4.0130164647136298e-19,-7.8693106369377071e-31,2.1049615825682454e-20,3.0500178892384828e-21,1.2384907656868068e-24,-9.6895396909752278e-20,-2.2029933481739726e-40,2.1183725622159017e-26,-3.0348434838809599e-26,-1.5595600707382781e-42,-1.4889749586046598e-29,-1.3291324028702411e-31,7.2410163471680502e-24,-4.0540096449608282e-23,-8.2848239987137751e-12,-0.0000000000000000e+00,-1.1216801010210257e-23,3.9972814662713076e-27,-1.0916574733299747e-23,-1.2627870800611737e-23,
-4.5400965972830498e-18,-7.1785862500798420e-24,-2.0731336334643016e-15,-5.2652859794334508e-12,-9.0678375605665707e-19,8.7716593859169470e-16,-1.5239739729955434e-19,8.9824807923807505e-20,-9.1031823902228732e-43,-3.5839009523714347e-45,-1.6814402641422110e-29,-5.8556533298955327e-31,1.4636144054370705e-15,-6.6621706625534776e-13,2.2055995551902214e-22,9.4051404999559582e-24,-7.0217322794173511e-28,5.6386814441716725e-20,-1.6685567351551583e-30,-4.7058402329649099e-20,4.4452509224430320e-25,-4.9876116341524607e-43,-1.6883516637902183e-25,-2.7545727808251540e-33,-2.4230171937338224e-23,-2.9934429663931047e-27,1.4705348933802269e-21,-2.4145218366048604e-29,-6.8435261249733216e-26,-1.2987990062461422e-31,-5.6446325762605356e-21,-1.9180496536358076e-25,-3.4308325135151462e-19,6.5292979174784985e-20,-7.6139562785752881e-33,2.7261338315317849e-21,2.9593152923109075e-22,4.3847612357865900e-25,-8.3503980822873776e-21,-1.4493122038729899e-42,1.4989682239000963e-27,-2.0463855931606071e-26,-2.6203480726854767e-45,-5.3309740860638688e-31,-1.2805026717744634e-31,1.2352715163920511e-24,-6.7681412386139057e-24,-1.0334797145676589e-11,-0.0000000000000000e+00,-5.0441260067207548e-26,6.1101559896081195e-29,-2.7144334616997322e-26,-4.6703326602252172e-26,
-2.2571707508652994e-18,-1.6988020572247907e-25,-7.7400806256167303e-16,-4.5148740435206361e-12,-4.3978771703699330e-19,8.4336945048983237e-16,3.7584276723308044e-20,8.7512389490040971e-20,-5.8601093954593875e-45,-6.5323656361707137e-49,-1.1126325404110304e-31,-4.3872092024443368e-33,1.4072076652200359e-15,-5.9770274040332532e-13,1.9563984741169943e-22,8.1879015737741711e-24,-3.3594255766512582e-30,5.4540458740073521e-20,-7.6430907568100979e-33,-1.5055039853364183e-22,4.1802699443738693e-25,-2.5746772176949624e-45,-1.9837066101236885e-26,-1.3420652301746383e-35,-2.7955372713600863e-24,-5.3031150822067572e-30,1.4349174077299745e-21,-1.3034287560979848e-31,-7.4180427370380959e-27,-1.2065951101586033e-31,-4.9328731581890029e-23,-2.3924431213795511e-27,-6.0451177721963184e-20,5.5249379252189498e-20,-1.4370135039602657e-34,2.5862710039950745e-21,2.8843529900284831e-22,4.2151517180620336e-25,-2.8385305607337591e-21,-3.0579462306191280e-44,1.8145465812594358e-28,-1.4387959703411650e-27,-1.0686801769996743e-48,-2.6771028080090199e-31,-1.2602804073583975e-32,1.5424157328807993e-25,-1.1264708958374106e-24,-9.2263170279244705e-12,-0.0000000000000000e+00,-3.1512402891247724e-28,4.6842678136428802e-30,-1.3029292956875183e-28,-5.0354840473003795e-27,
-1.9059250473569072e-18,-7.2972366931716541e-27,-7.4854623057265020e-16,-4.7332461054327179e-12,-4.3984327674638989e-19,8.4333410314449728e-16,3.6600781409548084e-20,8.7512079821814788e-20,-1.7433313128916606e-45,-7.1514136008077815e-51,-1.4991066615421123e-32,-5.0975594367410091e-34,1.4071499647271768e-15,-6.7993999172424743e-13,1.8148643145374953e-22,8.3370688814300080e-24,-7.6970696821455309e-31,5.4540288335571974e-20,-1.7915248054149920e-33,1.4580058421029194e-23,4.1688888874672685e-25,-5.5795275517472247e-46,-1.9333435115621290e-26,-2.9709143921187191e-36,-2.6980012856076440e-24,-1.0410289985838758e-30,1.4349002040431275e-21,-2.3486403233256982e-32,-7.1667022568476506e-27,-1.6235810424122353e-32,-4.9533426552370663e-24,-2.5009272066239008e-28,-5.1972575068738901e-20,5.4990488597859184e-20,-1.0338388282248707e-35,2.5844298690934921e-21,2.8843459118022755e-22,4.2149552806498499e-25,-2.8125732457484084e-21,-1.8615665406527424e-45,1.6595960783817615e-28,-1.8632233223748244e-28,-5.0298913256277169e-51,-2.8485786436816307e-31,-1.9767054228710046e-33,1.4011575045879586e-25,-1.4784907934169030e-25,-1.1451170698877907e-11,-0.0000000000000000e+00,4.8124372603193943e-29,3.9868222179195225e-30,-3.1378900665364601e-29,-4.8809628604404630e-27,
-2.6469615458044082e-18,-3.2592851812780117e-27,-7.4852268377108447e-16,-4.8951319034334472e-12,-4.3984333685127718e-19,8.4333404747268490e-16,3.6591408259136341e-20,8.7512095774192922e-20,-1.2338649274461506e-45,-6.8291766699598849e-51,-1.4916439541187857e-32,-5.0689017430709056e-34,1.4071499623538661e-15,-5.2104324359024350e-13,1.9234682818844477e-22,8.3070950502757838e-24,-7.6798413144871345e-31,5.4540304104596727e-20,-1.7876024159044316e-33,1.4591946805317314e-23,4.1676526233245022e-25,-5.5657751263908193e-46,-1.9300550084071594e-26,-2.9637708217311143e-36,-2.7015354549721336e-24,-1.0220344379247136e-30,1.4348972081548114e-21,-2.3388984944172006e-32,-7.1730338878655769e-27,-1.3115230667864463e-32,-4.2111986959368705e-24,-2.4671680808705747e-28,-5.1758118597979026e-20,5.4988067164758938e-20,-9.7755291895844305e-36,2.5844265041889090e-21,2.8843463619974522e-22,4.2149495518465324e-25,-2.8125732464942597e-21,-7.3882906891492744e-46,1.6531535846802458e-28,-1.7388695059017792e-28,-3.2588048448858083e-51,-2.2900112320697198e-31,-1.9300341645460326e-33,1.4010924100993233e-25,-1.3677682065210357e-25,-8.0259075008232934e-12,-0.0000000000000000e+00,4.9723401227604601e-29,4.1396391441958940e-30,-3.1323158964567607e-29,-4.8797072015773070e-27,
-2.4835270711292103e-18,-3.2628287329279033e-27,-7.4852268191419898e-16,-5.6805877932106147e-12,-4.3984394583897418e-19,8.4333404246569727e-16,3.6487631618039925e-20,8.7512002393455633e-20,-1.4479298171596348e-45,-8.0584445891361088e-51,-1.4916897558981903e-32,-5.0690784265370384e-34,1.4071498399260838e-15,-6.4885740941330107e-13,1.8914766938135620e-22,7.9687436922837354e-24,-7.6800567460223019e-31,5.4540302423952979e-20,-1.7876532767088565e-33,1.4591946940182330e-23,4.1659993257961859e-25,-5.5659400924706704e-46,-1.9255514810417346e-26,-2.9638597455382584e-36,-2.7012298033835511e-24,-1.0220586946364078e-30,1.4348960699572620e-21,-2.3389472456320881e-32,-7.1792397783547266e-27,-1.4872304918575233e-32,-4.2100651931926875e-24,-2.4674549202357767e-28,-5.1756155860193760e-20,5.4960709798079932e-20,-1.1678029134990148e-35,2.5844264001353584e-21,2.8843465150770330e-22,4.2149476311152660e-25,-2.8125732572548268e-21,-7.3880938107874902e-46,1.6540878140472005e-28,-1.7388706375099208e-28,-7.2448272273489325e-51,-2.6331352600445418e-31,-2.0831392229467254e-33,1.4004071646079071e-25,-1.3677143800844567e-25,-1.1624900425589303e-11,-0.0000000000000000e+00,4.9723405612439049e-29,4.0959592148059029e-30,-3.1324084688676592e-29,-4.8829593012917597e-27,
-2.3814331312054654e-18,-7.3798563990411993e-27,-7.4852257679706568e-16,-4.4814381257296792e-12,-4.4026028135462207e-19,8.4278625311309236e-16,3.1404585211281839e-20,8.7508313730556377e-20,-1.5374459962523829e-45,-8.3943997341393832e-51,-1.7197052735567897e-32,-5.9492216526377051e-34,1.4062346386676162e-15,-5.2644559227205253e-13,1.7489819024566635e-22,7.9861593945345221e-24,-8.6811860507664152e-31,5.4536799779489074e-20,-2.0217825529993510e-33,1.3887852684883446e-23,4.1647120415418661e-25,-6.2768688045690116e-46,-1.9293371262547270e-26,-3.3456906348252491e-36,-2.6970234151734545e-24,-1.1427137779069351e-30,1.4334023725558291e-21,-2.5876026417317861e-32,-7.1762367065095803e-27,-1.5756420229363103e-32,-4.2100652383199736e-24,-2.9169096956771431e-28,-5.1726418908071421e-20,5.3617589792502616e-20,-6.3241368985497925e-35,2.5843703034603742e-21,2.8842268115388321e-22,4.2122329567424974e-25,-2.8125818376318713e-21,-8.2497221867008472e-46,1.6539850789641490e-28,-1.7388693374016716e-28,-1.5480755667999966e-50,-2.6588961986537975e-31,-2.0392472847049265e-33,1.3672780531279750e-25,-1.3669290575777945e-25,-9.2125259527852906e-12,-0.0000000000000000e+00,4.9723263154476166e-29,4.0675689217657530e-30,-3.5579809136408159e-29,-4.8831015763301820e-27,
-2.2454843431711502e-18,-7.5546667238413098e-26,-7.4791538743839004e-16,-5.6216680582291036e-12,-4.4158065220835934e-19,7.4157751737470736e-16,-1.4958569407521295e-20,7.6788624233266310e-20,-6.5937939327214910e-44,-4.3926297058518627e-47,-2.9212689909212606e-31,-1.1495406104972240e-32,1.2373526590976281e-15,-5.2105563194340546e-13,1.7158827831646868e-22,6.7878893430498941e-24,-1.1430446536272644e-29,4.7963302686918118e-20,-2.6302012867555746e-32,-6.1162138702056746e-22,3.3955097715609055e-25,-8.3774125263187357e-45,-1.9323942126897749e-26,-4.4462120922068561e-35,-2.6896239680604014e-24,-1.4552600614227216e-29,1.1438900464677969e-21,-3.1977306913709510e-31,-7.1448328940678888e-27,-1.7826337506703301e-32,-4.2100652735064516e-24,-4.0555532582148769e-27,-5.0330743057999811e-20,3.5489610167011598e-20,-3.6345927743276461e-34,2.4197004087307285e-21,2.5339614475957930e-22,3.7062955767575974e-25,-2.8125576320409388e-21,-7.8394829639593685e-45,1.6563382707719106e-28,-1.7389123548257355e-28,-4.6188336742202101e-47,-1.3976232865175122e-31,-1.9575087049950384e-33,1.0340308318802545e-25,-1.3313489307694019e-25,-1.0185350203225155e-11,-0.0000000000000000e+00,4.2268747100086860e-29,4.1627704333240254e-30,-4.8070193863775110e-28,-4.8665446277936479e-27,
-1.3230654636112171e-18,-1.5732396018292805e-25,-6.4813301204848007e-16,-4.8395438250934363e-12,-4.0582212290993689e-19,1.4585701797336832e-16,-1.7830355509578577e-20,1.8163157573431223e-21,-6.6958447718475397e-44,-6.9646805215448091e-46,-5.1457974457031210e-31,-1.9146031253127456e-32,2.4878134495757489e-16,-5.4461833687188517e-13,-2.8434333556510326e-24,1.7852237829513586e-25,-2.1521206888187410e-29,1.4424899981673036e-21,-5.0361498230910515e-32,-1.3626015391357823e-21,1.0132129466658676e-26,-1.5464035007449199e-44,-1.5529121349728228e-26,-8.3905031909695283e-35,-2.2181758912856169e-24,-2.9601419617549289e-29,-1.9775504697813931e-22,-6.5374578437585176e-31,-5.9895743343102611e-27,-1.7493789213541840e-32,-4.2099509340115056e-24,-6.0653336312345460e-27,-3.2266547243093503e-20,2.3000127957972563e-21,-3.9878475514573027e-34,2.0610297857545387e-22,6.0078628911064524e-24,7.5982515397112229e-26,-2.5963516973804350e-21,-1.3797362816880358e-44,1.6521089286140362e-28,-1.7391188503495023e-28,-4.5405135940603118e-46,-1.2482358220421320e-31,-2.1454652693468063e-33,3.1983789934318541e-26,-9.9035925191505537e-26,-1.0604734226719349e-11,-0.0000000000000000e+00,-8.5695798440278104e-30,4.3564535342039275e-30,-8.7558701408387247e-28,-4.0796188232537507e-27,

32,53
4.5655075857006788e-19,-7.5200416145577996e-29,-8.7008583212199961e-20,5.1020641873942164e-12,3.4050056206908594e-18,1.3410883973979614e-16,5.0134746458178442e-21,1.4077184231039036e-21,2.2508466012063671e-45,3.8705176813472008e-47,-1.2782202803534518e-36,-4.6330438320106332e-38,2.2685375837501698e-16,5.5582136319182705e-13,8.8921915849450475e-24,2.4718483148557272e-25,-3.0957669431686981e-36,1.1286275632594770e-21,-8.5440019395912264e-39,-4.0102607496427642e-28,8.7184907245026225e-27,-1.6021680100012587e-50,5.9780865473779801e-31,-1.6026671253280188e-41,4.8071211411905407e-31,-1.8057105638806364e-34,-3.9835618346822729e-26,-8.3982987379440701e-37,5.3685297199794199e-32,1.8362538313517052e-32,-1.1273865085328747e-25,-9.9825363416246541e-32,-6.8519406669747450e-27,1.9678774216039873e-21,-3.8353307587664764e-38,2.2775598926708936e-22,4.6147905416104162e-24,6.8873002014933102e-26,-7.7959290303638629e-24,-4.0187553214441435e-47,1.6708118665816644e-28,-6.3912268263530100e-30,3.7594009847601836e-47,1.3428546537240002e-31,1.8506983059346095e-33,3.0097584765641298e-26,-5.5606141485422038e-30,1.1365447076311028e-11,-0.0000000000000000e+00,-1.9913924680600407e-31,5.0059673894174466e-30,-1.1962696197032999e-34,4.5788984427806532e-32,
-5.8535985993857717e-06,-3.2554107917180008e-07,-4.3414335461428873e-05,4.2030031640736014e-05,-3.9130504023253426e-04,2.6257604647333266e-04,-3.1323314992756566e-07,-3.1429507859424327e-08,-9.2188993475567391e-24,-4.1888187871922376e-22,-1.6846627402965621e-19,-5.2615382900825874e-21,-1.1083255315214799e-18,-7.5535344424414969e-19,-2.2871377109574871e-04,3.5935376534796586e-04,-7.7364088348109850e-13,-6.7086275602316505e-15,-4.7285200574728924e-21,-9.2802207943307799e-22,-1.1831040139025798e-19,-8.3299420239795083e-28,-1.3815327399754820e-24,-6.2502298778841446e-31,-1.1640611748531484e-30,4.6766696007374513e-31,7.0521863151142122e-33,-1.2275042002395352e-20,-1.6526534673211667e-20,-3.5238603993614847e-24,-1.6117453692291939e-11,-4.0107276163012565e-12,-8.0684895968091924e-13,-3.1095659560226367e-12,-1.4721121605718978e-11,1.1691861476574681e-05,2.0340774679476993e-08,-6.7138319416095136e-07,-5.5993363556193806e-12,-3.4196522788758345e-18,-5.1888041534912423e-15,-5.8252689870326872e-23,-1.7154588793651143e-24,-2.1428293590991796e-13,-7.7754071533897128e-15,-3.3993119546656592e-12,-7.9966343156518493e-14,-5.0365267068518908e-06,-0.0000000000000000e+00,-4.1674375934801436e-39,-1.9315920255010651e-40,-3.9946929280759747e-27,-1.3224570104848985e-29,
-5.8539451735237648e-06,-3.2558033236090721e-07,-4.3415032273891598e-05,4.2029834981726461e-05,-3.9131091733170243e-04,2.6261149750801514e-04,-3.1323483776999496e-07,-3.1429712485033689e-08,-8.9903409692721403e-24,-4.1887922144200475e-22,-1.6846561577346295e-19,-5.2615167481386058e-21,-1.1083253685136667e-18,-7.5535401554034053e-19,-2.2871406879512637e-04,3.5935793336006386e-04,-7.7364172810876528e-13,-6.7086301486757292e-15,-4.7282697064791327e-21,-9.2801765424959449e-22,-1.1831039527301189e-19,-8.3298333057775300e-28,-1.3815216043369088e-24,-6.2501172710921227e-31,-1.1641847737195292e-30,4.6762157501756258e-31,7.0574875730332862e-33,-1.2275025963492017e-20,-1.6526535221579281e-20,-3.5238603959968019e-24,-1.6117671656907585e-11,-4.0107942521257844e-12,-8.0685653489582811e-13,-3.1095751318219804e-12,-1.4721189843508302e-11,1.1691881727373327e-05,2.0340785794727903e-08,-6.7138105358814953e-07,-5.5994580639329908e-12,-3.4196553798255958e-18,-5.1887976332173730e-15,-5.8249077721928546e-23,-1.7154449174876389e-24,-2.1428297235651840e-13,-7.7753733940992646e-15,-3.3992919678142074e-12,-7.9965959944566107e-14,-5.0365300227413375e-06,-0.0000000000000000e+00,-4.1669736234110345e-39,-1.9314727661620547e-40,-3.9946399485751986e-27,-1.3224385501466596e-29,
-5.8559838541397575e-06,-3.2578467668007589e-07,-4.3418694821035936e-05,4.2032484759487875e-05,-3.9134336720594371e-04,2.6276968881824468e-04,-3.1324190104428133e-07,-3.1430473942239516e-08,-9.0488744550101561e-24,-4.1887347155205581e-22,-1.6846537064240561e-19,-5.2615073342405254e-21,-1.1083271967204557e-18,-7.5535849902240536e-19,-2.2871693049517970e-04,3.5939384555577569e-04,-7.7364892273515013e-13,-6.7086518525638574e-15,-4.7273074595909894e-21,-9.2801544600345759e-22,-1.1831069226196556e-19,-8.3295048656348462e-28,-1.3814981543488604e-24,-6.2497958842916541e-31,-1.1643135409043934e-30,4.6757705218227215e-31,7.0129948630320936e-33,-1.2275026892804046e-20,-1.6526578873543067e-20,-3.5238652128812987e-24,-1.6118821546162074e-11,-4.0111011565567941e-12,-8.0690505616959144e-13,-3.1096438396659699e-12,-1.4721610860762023e-11,1.1691981684004660e-05,2.0340787697531948e-08,-6.7138103435744109e-07,-5.6000050964286543e-12,-3.4196814590548124e-18,-5.1887970096063181e-15,-5.8233253802389856e-23,-1.7154177796410431e-24,-2.1428315297565225e-13,-7.7752061063156467e-15,-3.3992260687607523e-12,-7.9965570535494031e-14,-5.0365411469060779e-06,-0.0000000000000000e+00,-4.1654497580291010e-39,-1.9311820763780993e-40,-3.9945093603234374e-27,-1.3223898644858001e-29,
-5.8644110805504576e-06,-3.2661580732971047e-07,-4.3436186823202987e-05,4.2065206412236680e-05,-3.9149937014182920e-04,2.6338185816054358e-04,-3.1328350766218249e-07,-3.1434925816882474e-08,-8.9351545542687304e-24,-4.1887244985727288e-22,-1.6846709689426607e-19,-5.2615609287323928e-21,-1.1083571084800192e-18,-7.5539291657531361e-19,-2.2874121098555804e-04,3.5961029810071524e-04,-7.7373894099844608e-13,-6.7091075934407852e-15,-4.7242982914408106e-21,-9.2802166433343443e-22,-1.1831493803007732e-19,-8.3289899283733382e-28,-1.3814936142962769e-24,-6.2495363780846076e-31,-1.1659866046001451e-30,4.6749828163038034e-31,6.5625614703030026e-33,-1.2275186498396106e-20,-1.6527121087707600e-20,-3.5239137671141979e-24,-1.6124592144029680e-11,-4.0125059246779956e-12,-8.0714474709041476e-13,-3.1100560767320321e-12,-1.4724648956805072e-11,1.1692409861955784e-05,2.0340753447588029e-08,-6.7139632172075244e-07,-5.6032853102785602e-12,-3.4198490330135212e-18,-5.1888254148964663e-15,-5.8174648278090334e-23,-1.7154145973651220e-24,-2.1428277316115103e-13,-7.7745917913800329e-15,-3.3991532132480140e-12,-7.9965631863578626e-14,-5.0365798502124796e-06,-0.0000000000000000e+00,-4.1641866872196797e-39,-1.9310039283015186e-40,-3.9944363743361590e-27,-1.3223590958243155e-29,
-5.8943392967589736e-06,-3.2950234274290793e-07,-4.3508807199226647e-05,4.2238076775822731e-05,-3.9214862398227469e-04,2.6545272268953040e-04,-3.1352200524772668e-07,-3.1459363277774453e-08,-9.0161258096411333e-24,-4.1889936228416099e-22,-1.6848812746960649e-19,-5.2621887308743588e-21,-1.1085808358860113e-18,-7.5559271635757852e-19,-2.2888633472521887e-04,3.6064323590421214e-04,-7.7420330034917509e-13,-6.7125999969590487e-15,-4.7166051723135411e-21,-9.2814229265034185e-22,-1.1834421179420126e-19,-8.3289394023625628e-28,-1.3815357977563082e-24,-6.2497085901507462e-31,-1.1869136870368187e-30,4.5541596994896557e-31,4.5559822747245846e-33,-1.2276817992702402e-20,-1.6530788943727356e-20,-3.5242332622080409e-24,-1.6149375691156646e-11,-4.0184062893733734e-12,-8.0817306262480464e-13,-3.1121433143654987e-12,-1.4738380538898383e-11,1.1693989168360587e-05,2.0340248552313208e-08,-6.7157301122847993e-07,-5.6218836461274594e-12,-3.4208154823606142e-18,-5.1892488075085689e-15,-5.7988493022430067e-23,-1.7155220324873131e-24,-2.1427158000516213e-13,-7.7733475432512299e-15,-3.3991595201511896e-12,-7.9972436718789650e-14,-5.0366752638265552e-06,-0.0000000000000000e+00,-4.2338789275741771e-39,-1.9321074830742829e-40,-3.9944921831675339e-27,-1.3223943357009728e-29,
-5.9863220095798587e-06,-3.3810049667666872e-07,-4.3772733604198703e-05,4.2914495880825188e-05,-3.9450439012686457e-04,2.7166427970112220e-04,-3.1462781416948813e-07,-3.1571216822421460e-08,-8.9049772678378988e-24,-4.1909145939386772e-22,-1.6860825059653061e-19,-5.2658403430526509e-21,-1.1096189677156483e-18,-7.5643432885539025e-19,-2.2957443294933859e-04,3.6471519245555604e-04,-7.7648671810553066e-13,-6.7310022098670962e-15,-4.6986030218604875e-21,-9.2881592319277148e-22,-1.1847208088451938e-19,-8.3298709187088295e-28,-1.3820330706967995e-24,-6.2486149823658909e-31,-1.1736604086969572e-30,4.5496892956964399e-31,3.6115417083489140e-33,-1.2285430719547956e-20,-1.6546682443915878e-20,-3.5257331519086210e-24,-1.6241151770605271e-11,-4.0401518037954748e-12,-8.1203257537801437e-13,-3.1211992148119541e-12,-1.4791265445391308e-11,1.1698979933566023e-05,2.0336921317831329e-08,-6.7266116969336306e-07,-5.7068631596710912e-12,-3.4257652401802112e-18,-5.1922785667516644e-15,-5.7476470740437262e-23,-1.7163446520566377e-24,-2.1422860807362267e-13,-7.7731629280778660e-15,-3.4001451991233887e-12,-8.0034342867577184e-14,-5.0360366815132250e-06,-0.0000000000000000e+00,-4.2367948086886704e-39,-1.9351161422711984e-40,-3.9957719453184615e-27,-1.3228372487120757e-29,
-6.2351891452015743e-06,-3.6040562080092728e-07,-4.4620838938304056e-05,4.5073886173304463e-05,-4.0204289054018036e-04,2.8849920785658042e-04,-3.1886907761607510e-07,-3.1996050668895275e-08,-8.3678924044332407e-24,-4.1981936388001964e-22,-1.6895316160983147e-19,-5.2763661177044052e-21,-1.1124357382188554e-18,-7.5866687158336643e-19,-2.3227200461132421e-04,3.7829352050148418e-04,-7.8571284814085050e-13,-6.8071470499757977e-15,-4.6506319587565940e-21,-9.3041650471021701e-22,-1.1879262827020281e-19,-8.3194106490892614e-28,-1.3822656203442336e-24,-6.2081381041251001e-31,-9.9584056137549793e-31,4.5512169557911998e-31,4.5448814646173618e-32,-1.2310325499804321e-20,-1.6584748451047364e-20,-3.5300895920685608e-24,-1.6538389378641265e-11,-4.1112053908217901e-12,-8.2484991204857306e-13,-3.1552139796503655e-12,-1.4991759580544873e-11,1.1712546803238971e-05,2.0321437447450836e-08,-6.7764851632538082e-07,-6.0312752822237798e-12,-3.4469943395119043e-18,-5.2083274871492307e-15,-5.6249834261033192e-23,-1.7190914857135090e-24,-2.1419781041523607e-13,-7.7761147214617940e-15,-3.4086851541308258e-12,-8.0377231304435226e-14,-5.0310261529729755e-06,-0.0000000000000000e+00,-4.2436880153173704e-39,-1.9487812515953155e-40,-3.9920822981740130e-27,-1.3208913706172961e-29,
-6.8447463108808054e-06,-4.1234672127341887e-07,-4.7058636410264991e-05,5.0975694088825022e-05,-4.2361788462407359e-04,3.3040499413432734e-04,-3.3265287998731343e-07,-3.3367035201876563e-08,-8.1942586393106014e-24,-4.1902316898819773e-22,-1.6692297799990514e-19,-5.2121956209240018e-21,-1.0997301837440287e-18,-7.5100247166081440e-19,-2.4122318888316696e-04,4.1732612899345034e-04,-8.1678329781397951e-13,-7.0671909616183002e-15,-4.5146148472932705e-21,-9.1375104131750028e-22,-1.1695431262985830e-19,-8.1845037693762646e-28,-1.3603781294260544e-24,-6.0200865795316743e-31,-5.4588041190793914e-31,4.3363704259131788e-31,1.6607337247832191e-31,-1.2180398398578694e-20,-1.6278026465877685e-20,-3.5082282651986318e-24,-1.7396168147934406e-11,-4.3195074557310791e-12,-8.6299122584856477e-13,-3.2667633819810878e-12,-1.5638657045531256e-11,1.1744823694754880e-05,2.0265939262212434e-08,-6.9613361609370986e-07,-7.0887891733969123e-12,-3.5245638375612625e-18,-5.2767666349825746e-15,-5.3746339224320983e-23,-1.7013248329533631e-24,-2.1421553376974534e-13,-7.8145568255445691e-15,-3.4519433193608870e-12,-8.1819922711142720e-14,-5.0106373176263611e-06,-0.0000000000000000e+00,-4.1736500828349059e-39,-1.9803557897438706e-40,-3.9147226838907361e-27,-1.2947494483047140e-29,
-8.2370136646884223e-06,-5.2515837384936774e-07,-5.3393149014874532e-05,6.5186845458424254e-05,-4.7950654969183587e-04,4.2709103213829967e-04,-3.7141108836247774e-07,-3.7201503192440262e-08,-7.5960948510643954e-24,-4.0551973294097691e-22,-1.5773746542089373e-19,-4.9269638742237330e-21,-1.0358084965298679e-18,-7.0644980680145506e-19,-2.6684322031880802e-04,5.1597962680774141e-04,-9.0651637198509750e-13,-7.8235292423531252e-15,-4.2042349885205045e-21,-8.5325162881199399e-22,-1.0920418318149655e-19,-7.7387647408089377e-28,-1.2835835206542184e-24,-1.9997592354327921e-31,7.6773965061674299e-30,9.1262141456995938e-30,3.3579007193948640e-31,-1.1542507367158838e-20,-1.5148728507715279e-20,-3.3781900562191683e-24,-1.9638188782483947e-11,-4.8732077855990524e-12,-9.6567390627868424e-13,-3.5884617443299233e-12,-1.7450522052171483e-11,1.1814169634469609e-05,2.0106681087422923e-08,-7.5362867237978766e-07,-1.0086229368947946e-11,-3.7683037728560086e-18,-5.5175946455581457e-15,-4.9708374526309494e-23,-1.6197678697141471e-24,-2.1485285403274332e-13,-8.0119753093325335e-15,-3.6147512839118634e-12,-8.6729262626546710e-14,-4.9477672026624481e-06,-0.0000000000000000e+00,1.3356612400702108e-38,-1.8130425843561521e-40,-3.6650441255813189e-27,-1.2072411643333980e-29,
-1.1258413724519351e-05,-7.6069369927187798e-07,-6.8419139969816197e-05,9.5851400310311254e-05,-6.1166063434895160e-04,6.3514787264836109e-04,-4.6797254283940651e-07,-4.6694420967477329e-08,-7.4870193643522682e-24,-3.7603440513080630e-22,-1.3965405791900355e-19,-4.3635335567391938e-21,-9.0505777353560918e-19,-6.1213587666482441e-19,-3.3135972124588564e-04,7.4036224220095054e-04,-1.1350993551070914e-12,-9.7521901557681837e-15,-3.7379458394163621e-21,-7.3984469955788315e-22,-9.3936430396253083e-20,-6.9099720495986167e-28,-1.1362452446830010e-24,-2.8328780810944914e-31,5.5063451911950643e-30,6.7615486985585344e-30,4.8446680070862036e-31,-1.0250099676909500e-20,-1.2963620570510571e-20,-3.0660416675911037e-24,-2.5000853708987795e-11,-6.2217621596196290e-12,-1.2175879604979033e-12,-4.4114842806355481e-12,-2.1953012851045984e-11,1.1954012957671341e-05,1.9724822432022325e-08,-9.0740834148299456e-07,-1.7621187829322981e-11,-4.4343130506748408e-18,-6.2275197420608864e-15,-4.5480779551466904e-23,-1.4623450635251330e-24,-2.1821091307676128e-13,-8.7001287843170593e-15,-4.1021281421350284e-12,-1.0066824036560308e-13,-4.7881398353728094e-06,-0.0000000000000000e+00,9.5281621466211501e-39,-1.6701229716486431e-40,-3.2166380958606394e-27,-1.0593199162420903e-29,
-1.7535117759589637e-05,-1.2406818086341318e-06,-1.0137920219432679e-04,1.5563837643191043e-04,-8.9946451236723327e-04,1.0576894950999364e-03,-6.8739938212411644e-07,-6.8013641184007251e-08,-8.0081649315311226e-24,-3.4354857989133131e-22,-1.1855845370555791e-19,-3.6477430698275615e-21,-7.4191766734272186e-19,-4.8739290450207514e-19,-4.7767858325722891e-04,1.2125816882766983e-03,-1.6659090105343385e-12,-1.4205861149117256e-14,-3.3282981253845643e-21,-5.9669382560619899e-22,-7.4898370204374512e-20,-6.2411686419337453e-28,-1.0043992004407948e-24,8.4936988169373245e-32,1.9686289093850500e-29,2.3683004416251730e-29,7.0119486167603420e-31,-8.7301325356798721e-21,-1.0228599499576197e-20,-2.8446223861797108e-24,-3.6845995060722782e-11,-9.2806295449079205e-12,-1.7872073479950254e-12,-6.3063550442159765e-12,-3.2145470029867607e-11,1.2227428973525050e-05,1.8915511975316248e-08,-1.2692821722400392e-06,-3.4842532754189013e-11,-6.0521306849813111e-18,-8.0254047114068598e-15,-4.4626496668669874e-23,-1.3021533599651095e-24,-2.2844389973353315e-13,-1.0528808449835698e-14,-5.3059737464676476e-12,-1.3458023559943994e-13,-4.4368566475723459e-06,-0.0000000000000000e+00,2.8912481329246938e-38,-1.1908858797440147e-40,-2.7306218352378485e-27,-8.8051471329167071e-30,
-3.0141293009759585e-05,-2.2087897622992964e-06,-1.6959886404856894e-04,2.6017962566291940e-04,-1.4852071694820036e-03,1.8843567717992875e-03,-1.1581461737655010e-06,-1.1269842417235907e-07,-1.0858859932301232e-23,-3.3295231482880478e-22,-1.0302561003726201e-19,-2.7458836404566715e-21,-6.2768228463193671e-19,-4.2501654904087755e-19,-7.8501732726476948e-04,2.1620425268787566e-03,-2.8363382689020292e-12,-2.3881075028573262e-14,-2.8838392629502693e-21,-4.1466578947166762e-22,-6.2917283371008864e-20,-6.2875284470748748e-28,-1.0079228291110583e-24,8.0073121106197129e-32,5.0784984788282558e-29,4.3649273949629200e-28,1.1141497067280601e-27,-7.7878398862770197e-21,-7.2731670031578381e-21,-3.1336191764071722e-24,-6.1404486283848391e-11,-1.5927318548771832e-11,-3.0003034000672096e-12,-1.0319155487428469e-11,-5.3851434993819437e-11,1.2755782952787943e-05,1.7312491294003625e-08,-2.0377634881772784e-06,-7.1806757947935867e-11,-9.6865061437006453e-18,-1.2121060131567851e-14,-4.6214786674433025e-23,-1.2725333014315577e-24,-2.5167986898568232e-13,-1.4499088285368402e-14,-7.8399934230263155e-12,-2.0762393929789226e-13,-3.7395999083660383e-06,-0.0000000000000000e+00,4.9357948605149062e-37,6.1725525168223573e-39,-2.4364363131396425e-27,4.9568749339543687e-31,
-5.5146770733415996e-05,-4.1939434884371274e-06,-3.0661193671102112e-04,4.1413213344877004e-04,-2.6225758679817445e-03,3.4821709345948526e-03,-2.1494365439044137e-06,-2.0289395661166337e-07,-1.8007385044513310e-23,9.0937755446811149e-22,2.9437692064277030e-19,2.6712205953318708e-20,-1.0003244384927513e-18,5.0231453888077682e-18,-1.4024218485513345e-03,4.0506577555308385e-03,-5.4138319790120636e-12,-4.4571450796236481e-14,4.0504111999548851e-20,1.1368100205826969e-20,7.1368194652292994e-19,-3.0525624483639180e-27,-4.8118364982678773e-24,2.6369935110766301e-27,3.9632535548652805e-25,2.3689247267133254e-26,1.9576229596787159e-25,-5.3834084636775885e-21,2.0766439535029965e-21,-5.1521805785217008e-23,-1.1047049326812517e-10,-3.0344990968136868e-11,-5.5122273768148403e-12,-1.8343971038810988e-11,-9.9030198865205088e-11,1.3779091024150770e-05,1.4260950618707002e-08,-3.5493007484337954e-06,-1.4938680526629063e-10,-1.7715827183064186e-17,-2.1185846094205507e-14,-6.5153515984889399e-23,2.9196392928992598e-24,-2.9768455833543673e-13,-2.2177962175475808e-14,-1.2542364941822035e-11,-3.5290347886298524e-13,-2.4624773823289300e-06,-0.0000000000000000e+00,5.7303864408511810e-35,1.4818349849695966e-36,-1.2610847273259378e-27,8.3970878259465155e-27,
-1.0561813961019345e-04,-8.4966395228234237e-06,-5.8260831815560611e-04,5.4268918916536247e-04,-4.7769604211353256e-03,6.6143300116805852e-03,-4.2841340848207645e-06,-3.8395423187271069e-07,-3.7663031598422445e-23,-4.5151626739712943e-22,9.9755166140775224e-20,8.7085966406397093e-21,3.2914803171972821e-18,-6.9112842853284438e-20,-2.6308347888224933e-03,7.9082413243719892e-03,-1.1442051414606463e-11,-9.0523764539864931e-14,1.0879119284372417e-20,4.5124135011116216e-21,3.9634167550124486e-19,-8.7007274956390101e-26,-1.3380039856281649e-22,2.6784835000260884e-27,3.7538422236261529e-25,5.4249281639347492e-27,5.0422361564716256e-26,-3.4099122643586405e-22,2.0152470646689190e-20,-1.7574965904162454e-21,-2.0797160501579263e-10,-6.3160623760708103e-11,-1.0751235365946477e-11,-3.3836618313573122e-11,-1.9506211233837103e-10,1.5805310444666564e-05,8.7858804644061403e-09,-6.3546862562330234e-06,-3.1610776314943627e-10,-3.6665597185024071e-17,-4.2988517170040682e-14,-1.4609678668723041e-22,-3.1298959589375869e-25,-3.9678014514873923e-13,-3.7255780053862810e-14,-2.0488489633743217e-11,-6.3301221101381181e-13,-3.3539251512604978e-07,-0.0000000000000000e+00,2.9309933491219968e-35,8.1543907184392040e-37,3.7640049990467162e-28,1.0262568733994679e-26,
-2.1275088904752730e-04,-1.8803844499818965e-05,-1.1606345567106648e-03,5.4377169256895961e-04,-8.8354264792030856e-03,1.3053187950018752e-02,-9.1664530567350994e-06,-7.5627310066111854e-07,-9.5588152010284783e-23,-1.5027844815076146e-21,-5.6931810223190112e-20,-1.7645156128941444e-21,-7.9115222661390158e-18,-4.0814676316148568e-18,-5.1436496357327834e-03,1.6358185561310239e-02,-2.7550219640684402e-11,-2.0340689920252876e-13,-9.3204381807000989e-21,4.0898607737876175e-22,1.0813325317297259e-19,-1.0862448573960310e-24,-1.5966439714728091e-21,-8.1184040378271608e-28,-2.0283188360150119e-27,4.1104295576318682e-29,9.2333726871734055e-28,-8.8738929071201969e-22,2.0318986798799179e-20,-2.1508704310005779e-20,-4.0693614558302330e-10,-1.4566531614978559e-10,-2.2082412928753334e-11,-6.2844534090290518e-11,-4.1419538109687202e-10,2.0032125287937981e-05,5.3860826963023291e-10,-1.1256710484478027e-05,-7.0083126948954955e-10,-8.8944890812900582e-17,-1.0660202506359936e-13,-5.5859247571517736e-22,-3.3212460873295951e-24,-6.5095421791218234e-13,-7.1254728595129005e-14,-3.2946360609772595e-11,-1.1803098239017907e-12,2.5500967691630301e-06,-0.0000000000000000e+00,-1.5472080488410578e-37,2.2472921616082531e-32,-1.2590827597030400e-27,-1.9243297253667779e-29,
-4.6165622577750640e-04,-4.7585543497238438e-05,-2.4738889156913882e-03,1.5806662813047656e-04,-1.6592907178217500e-02,2.7721543694971283e-02,-2.1384185653797407e-05,-1.5602197816522566e-06,-3.0194707225553677e-22,2.3942389465297407e-20,3.7945787112993320e-17,1.7430271118319996e-19,-1.8500911290469385e-17,-7.3835789212737316e-18,-1.0664367212152095e-02,3.7306665162364819e-02,-8.1186615245590451e-11,-5.3350148175645248e-13,-6.5604324368830366e-20,-4.5921226667881608e-21,-3.2551827883807459e-19,-2.6142346208722160e-24,-5.3766255333199263e-21,-3.7414552234142615e-27,-5.7146477135652365e-27,-1.7397964286367848e-28,4.6195120680975836e-23,-6.0816715770033654e-20,-3.6961090224798906e-20,-5.3954878396926221e-20,-8.3847196543980807e-10,-3.8567400898830140e-10,-4.7850386383913281e-11,-1.1388231889347687e-10,-9.8344409296056781e-10,2.9712211498455278e-05,3.2928314891527836e-08,-1.8973833878111075e-05,-1.6970948238847048e-09,-2.8221418276680310e-16,-3.6897886511351734e-13,-3.6786632871499594e-21,8.1191376220295044e-23,-1.2468800709032742e-12,-1.7281005447665521e-13,-5.1242460911671574e-11,-2.3025983319778652e-12,4.0763493923106492e-06,-0.0000000000000000e+00,-5.1986271837384032e-33,7.7986100838017668e-27,-5.0316100018212910e-26,-1.4844159891700084e-28,
-1.1296781685895942e-03,-1.4787268920062399e-04,-5.8949638789061792e-03,-3.0565257222056668e-03,-3.2100254151365325e-02,6.8558150507434232e-02,-5.5655957630493643e-05,-3.4231078070601300e-06,-1.6938489936940638e-21,-9.2120620728684781e-20,-1.8199820431004960e-17,-2.2830040648151658e-19,-5.4622754431662693e-17,4.1021989459208133e-15,-2.4418034416619688e-02,1.0036991636521873e-01,-3.2843228050875645e-10,-1.7854981275076602e-12,-4.3099786595939343e-19,5.7672107732676735e-19,-2.0332195594598813e-18,3.5182719666925057e-23,-4.9814659200899732e-21,-1.6621852133727177e-23,-4.5763804698796029e-23,-8.6327217897108043e-24,4.0574776189895907e-18,-3.4473148177220260e-19,-2.2813606748654586e-19,-3.5793187124928610e-20,-1.8736630497088155e-09,-1.2197620159041970e-09,-1.0817630997775979e-10,-1.8786797029654523e-10,-2.7915859936673363e-09,5.5492014850236827e-05,2.4223756300234885e-07,-2.8222832208796374e-05,-4.6796480766452865e-09,-1.5952610309343573e-15,-2.3950944647588733e-12,-5.1864963514525219e-20,-1.8231810492962073e-22,-2.7147058390545909e-12,-6.8064059563397903e-13,-8.3340912219171768e-11,-4.9481442792929393e-12,3.8726944248464353e-06,-0.0000000000000000e+00,-1.1263163525003107e-27,2.7100807715112749e-21,-7.7094385704811790e-25,-6.3165285658843335e-24,
-3.3656340262445397e-03,-6.2950547137202489e-04,-1.6965437798759767e-02,-2.1284287184608126e-02,-6.6173886023860762e-02,2.3041367465880352e-01,-1.6834997091095169e-04,-8.2383991584714478e-06,-1.0758562296983778e-18,-7.5174743745794650e-17,-2.7279197978736198e-16,-1.2595732119726604e-17,-2.8001183885755706e-15,8.6794128071367835e-11,-6.6133574269327422e-02,3.6167523799419354e-01,-2.1540930363949875e-09,-8.6957102662774395e-12,1.0799340429940238e-16,4.2676848989044543e-15,-4.7323009493834091e-17,-6.9212920637782189e-21,-2.8511299425102741e-18,-6.0083955407200745e-19,7.0826980206395813e-14,-3.8380570526494103e-19,3.5609905810852361e-13,-4.0241660152222260e-17,-2.9787309083030839e-18,9.5461911373808653e-19,-4.7287407619630282e-09,-4.7410808911902645e-09,-2.4076378859045951e-10,-1.3781196183336288e-10,-1.0535085378309320e-08,1.4196035356265290e-04,7.5404887364327551e-07,2.6868177336720873e-06,-1.4937329174931017e-08,-2.8562624894759544e-14,-4.1179959727189788e-11,5.1841757525978625e-17,-6.3458580115524191e-20,-1.0477412889360546e-11,-5.7537280146791072e-12,-2.9902155105037415e-10,-1.7589087777784741e-11,-7.9062447489495298e-06,-0.0000000000000000e+00,-2.1577598918448576e-22,9.5961282530008161e-16,-2.2330230426210546e-20,-5.7247571274311020e-19,
-1.3652433058717149e-02,-4.3779218699698296e-03,-6.7053438023860629e-02,-1.4280345131211222e-01,-1.2853401514324808e-01,9.5597717365611512e-01,-6.5179714666529630e-04,-2.4187088010650760e-05,2.7197504336700882e-12,-1.4438609595717737e-13,-1.2009451569758785e-12,-1.0832975294629336e-13,-2.3561192553507891e-11,2.2898688572448773e-07,-2.4154265557049021e-01,4.4297925238535374e+00,-3.0046678258637997e-08,1.1622908742523128e-08,-1.2934450429726503e-13,5.3213365815058572e-11,2.4117464332930528e-11,-2.5786248328059252e-16,-9.3993973429510488e-14,-2.1456175891071087e-14,1.3839209890764085e-08,6.8051070732041377e-10,3.1270994540874543e-08,-2.3921608809342937e-13,-1.1091130482130009e-13,-1.6003423840063564e-15,-1.3509444277605997e-08,-2.4107848560867367e-08,-5.3219049394097631e-10,-1.4061902456805843e-10,-6.2541651115784781e-08,5.9986125720830406e-04,1.0184063994261282e-06,7.1409268549394413e-05,-3.3188070381065328e-08,-3.1799844533214190e-12,-3.2940723465725468e-09,1.7282725730960727e-10,-3.4291104516577487e-16,-1.6000072810087123e-10,-1.6691125084612205e-10,-7.9940951039935246e-09,-4.7348364851770302e-10,-7.1674240702811502e-05,-0.0000000000000000e+00,-4.0265415815474741e-17,3.4506220539408352e-10,-1.9206790506270021e-16,-4.3028691839182320e-14,
1.9976822563397720e+00,5.9153235361911272e-01,5.1260488347890645e+00,-7.3826860275083991e-02,6.7970570985189180e+00,7.3195422788934309e+01,6.5448755176208273e-01,8.6950199177494289e-02,9.5350580472977262e-05,2.4711371621023845e-03,6.4570785839479228e-02,5.7140222461873336e-03,3.2411333999103720e+00,-2.3801614522146383e-05,4.5405127568850801e+01,4.9457746265011380e+01,1.0973826249781765e-01,1.3466487258783315e+00,1.2184666811514980e-02,5.4301546290425239e-02,2.2773301052614855e-01,5.3241792335742549e-05,6.0776348331111618e-02,1.2682595347088880e-02,7.0733018081604926e-01,9.9722798486076514e-02,1.4500004837047158e+00,2.6550796305140987e-02,2.9108041585723177e-01,4.1046770324344132e-04,2.4073232012572550e-05,7.4200894662098219e-06,6.6606564677646482e-06,4.2449028901047906e-06,4.4319448918840984e-06,1.9436067724932437e-03,6.3331695508956004e-04,3.2942900347901483e-04,3.9637887628400930e-06,6.1834951423772097e-07,4.9424618724761189e-04,6.8721164765161405e-07,1.9532289100999483e-05,4.9141199696164562e-05,2.3625464902212718e-06,2.3162410789783256e-04,2.2030513300373978e-05,7.3822799592088151e-07,-0.0000000000000000e+00,4.4724022742885657e-04,4.1869890540104239e-02,4.1513645804465652e-03,1.9579734209090252e-01,
1.1192084779820029e-07,5.0501208836852482e-09,1.8632063056899752e-06,8.8763895721170362e-04,-1.5880808309075789e-11,1.8620533675794006e-02,-1.4557963784107626e-10,1.6471238664493217e-02,-2.9276355841957045e-27,1.4523571038964892e-07,5.6658285466156759e-08,1.7952752834033914e-10,3.5598754211505513e-06,-5.8362066915340627e-11,5.1996408012196923e-03,1.7323854761648882e-03,1.0294293528354949e-09,2.6710859378965730e-02,-2.8931008551241943e-21,-6.5035823590007617e-12,9.8076297690093150e-04,1.2973769398029677e-06,1.1112513840815535e-05,8.0217084879104920e-14,1.9370397672337279e-04,-9.6102256158898629e-18,4.5947478936687858e-04,2.7180408682172387e-08,7.1486838996539897e-09,9.9639554189558640e-16,8.9558886029110492e-14,-1.4418738477815425e-19,-2.7701712487060512e-14,6.1675409237053315e-09,3.4969656947826497e-17,-1.7369586571724305e-13,1.8601188245461530e-04,4.7219875030248888e-10,5.6800025542374749e-11,1.1043668844278976e-11,2.2314119283364889e-11,2.8333817072568642e-10,5.4292452169834694e-07,1.7944861077460320e-11,1.4700545338790439e-19,1.1985464326767633e-09,6.7362998835322902e-10,3.7147973420970093e-07,-0.0000000000000000e+00,-1.7332431143226083e-19,2.4826724513847752e-18,1.4398180816009139e-10,-1.3382223734812876e-17,
2.3337451762750483e-17,-1.2786270635321818e-21,-2.8522348943057863e-14,1.8557200481134073e-11,-7.8018014963032988e-18,3.2306855622795880e-11,-4.1602365326296313e-16,4.1791067811450216e-11,4.3521208410666024e-40,4.1089030216415698e-23,-8.4254587715689579e-27,-2.6445285508638393e-28,2.4831562706431181e-11,5.6174907932769746e-13,5.7221063418143661e-14,3.1900325937528123e-15,-3.7960817901908652e-25,2.3489754615002156e-11,-9.1997868301307489e-28,4.5062202992795272e-19,2.1825976765399133e-15,1.1997935280215355e-25,-4.8805675624545999e-23,-1.5002724122018628e-30,-7.2563449883934017e-21,-1.1488509258733260e-24,4.1616283481179765e-13,-1.3953051708248952e-26,-2.3338468813625360e-23,1.5619445923376034e-28,-2.5522685786347376e-19,-7.1289170071750486e-23,-2.2523725791453436e-17,2.1253976813882287e-14,-9.4869832729128494e-31,1.4227675980710163e-19,1.4371051980150700e-13,2.2457014166896343e-20,1.4782436479483647e-15,2.9991897916194636e-30,1.8824134659585046e-22,1.2587857385250384e-21,1.3104199416316932e-23,1.7796702021786026e-26,1.1990685759359379e-28,1.1161852162869277e-18,-4.2978767786203061e-23,1.0129349182347314e-11,-0.0000000000000000e+00,1.8615710367545361e-21,1.8053091660966952e-21,-1.4060090210913804e-23,-1.6090843956787143e-23,
1.5544748648010920e-17,-8.1260843622690041e-24,-2.1985185452741074e-15,4.8408296685412133e-12,-9.5514300188430311e-19,2.8883403796546277e-14,-2.4128099142218888e-19,2.0437528454290129e-16,7.9447750367542842e-41,1.4474794403983902e-38,-1.9422616078391097e-29,-6.7579114894822567e-31,4.8061027292145230e-14,6.8718484001013477e-13,3.9257330127276651e-19,1.5387627345017697e-20,-8.1290435124133676e-28,9.6032290653290905e-17,-1.9323593759032628e-30,1.9981497502304486e-17,1.3544290892860221e-21,-5.7709421639527311e-43,-1.9105580035728729e-25,-3.1885197749848805e-33,-2.7760027876501889e-23,-3.6025834240593718e-27,2.7702019865030305e-18,-2.7922721997321630e-29,-7.8845069755029688e-26,9.1828339748383405e-31,-6.5487837366944620e-21,-2.2059160616471946e-25,-3.7774280160936143e-19,2.0338516498402756e-17,-8.5869046750016060e-33,2.6753252963785227e-19,6.8037619726817322e-19,1.4408179980123569e-23,-8.9392494248985489e-21,-1.5703654414912423e-42,6.0420434452687736e-26,1.1492349141337091e-25,4.3174737933035405e-41,1.1487786932280984e-29,1.4998781295023220e-31,4.1687469710096531e-23,-7.0752482568459035e-24,9.7545590311762242e-12,-0.0000000000000000e+00,-6.1838819889932975e-26,2.9169551920176309e-25,-3.1426661046217925e-26,-5.3840545642239277e-26,
4.0979453988163050e-18,-1.9078850575726134e-25,-7.7857326138103724e-16,5.3738408410392968e-12,-4.3364300391288659e-19,2.3356080399540769e-15,1.5563958664041848e-19,8.0274613669791166e-19,9.2248275971986037e-43,9.4957605068681978e-45,-1.3025441041974850e-31,-5.1455604472048669e-33,3.8968121279560227e-15,6.1675026166756663e-13,2.1076562007851145e-21,7.9422263502161798e-23,-3.9044343235864914e-30,5.3422369905877412e-19,-8.8735815639688797e-33,-1.9044870485596019e-22,4.1564513116243353e-24,-2.9974089303335432e-45,-1.9206371807512686e-26,-1.5617074054371188e-35,-2.7948375517371553e-24,-6.2573056539819735e-30,1.2068434880436004e-20,-1.5209714608728932e-31,-7.3568829057241349e-27,1.2085210401029905e-31,-5.5983038526712003e-23,-2.7488880223575374e-27,-6.1453098828040310e-20,3.6448408317328451e-19,-1.6349077278737748e-34,1.8762653626888837e-20,2.6526205307634407e-21,1.1678620273862999e-24,-2.8457507465767309e-21,-3.5430305381945665e-44,2.0009210341898083e-26,-1.5548309624486870e-27,1.1456215275866568e-44,6.2554204593697421e-31,1.2417433316436703e-31,6.9267051225859257e-24,-1.2069441458646456e-24,1.0609957465552988e-11,-0.0000000000000000e+00,-3.4921435964858392e-28,3.4103196489802985e-27,-1.5136060088448922e-28,-5.0475634799115763e-27,
2.0681897593989845e-18,-7.8071022695015860e-27,-7.4855352685817257e-16,3.6966760884241774e-12,-4.3372854615010477e-19,8.7202679060866918e-16,6.7892529844189660e-20,8.9336453697581017e-20,1.5915559863850301e-45,4.6782720291012058e-49,-1.5014304567673531e-32,-5.1065353362168258e-34,1.4550353201113048e-15,7.0091792444147923e-13,3.2890116442569828e-22,1.0619001795586601e-23,-7.7026582750246986e-31,5.6011859524396113e-20,-1.7928006461027402e-33,1.4574614670404151e-23,4.4405157848594429e-25,-5.5839344364646700e-46,-1.8226681641111981e-26,-2.9732108259462881e-36,-2.6710817213200701e-24,-1.0458621829513875e-30,1.4630828379808139e-21,-2.3515934025541464e-32,-7.0504990219120678e-27,9.4900198009681047e-32,-5.0703870858461624e-24,-2.5106655881878429e-28,-5.2002028018371514e-20,6.4228337544047431e-20,-1.0511970718520898e-35,2.7053844527979963e-21,2.9434033002790586e-22,4.3590615457196291e-25,-2.8125691650789290e-21,-2.0541862693624595e-45,1.3885327045870100e-27,-1.8956222920298154e-28,4.1290345994073061e-49,2.8476667938013253e-31,1.4540771080123631e-32,1.1529162736834005e-24,-1.5058136740026025e-25,1.1516616004133461e-11,-0.0000000000000000e+00,4.7586667938519057e-29,5.7661776793032678e-29,-3.1397671487674115e-29,-4.8207920729173111e-27,
2.0239389053498477e-18,-3.2681243630452892e-27,-7.4852268416860262e-16,4.8043603954024742e-12,-4.3979905169343841e-19,8.4336216012762188e-16,3.7466127940112872e-20,8.7513204418726671e-20,1.2555030628425951e-45,5.5531009231677772e-51,-1.4916438874236804e-32,-5.0689014762995854e-34,1.4071939884884837e-15,5.8258227387724270e-13,3.4923555161668670e-22,1.0377465462832479e-23,-7.6798408363047973e-31,5.4540503402068914e-20,-1.7876022961096110e-33,1.4591947562057357e-23,4.2478639465423803e-25,-5.5657745860734401e-46,-1.8334325908652034e-26,-2.9637705120672824e-36,-2.6637269888426465e-24,-1.0220344680651748e-30,1.4349199186394040e-21,-2.3388984421696623e-32,-7.0373918712929871e-27,1.6325265544219929e-32,-4.2115372302289817e-24,-2.4671687876123418e-28,-5.1758458021341102e-20,5.5218073247364004e-20,-9.6547242311901587e-36,2.5860205879240584e-21,2.8843582937270659e-22,4.2151534881399925e-25,-2.8125712336580010e-21,-7.3887146006548214e-46,1.8022765441110328e-28,-1.7388624083560331e-28,4.5426326296232815e-51,2.3842549774804552e-31,2.5336135039883256e-33,1.5144736551585106e-25,-1.3677782102391560e-25,1.1506060604990718e-11,-0.0000000000000000e+00,4.9723418264520144e-29,6.3500650342057017e-30,-3.1323156856001342e-29,-4.8149298228107299e-27,
2.4264282410107468e-18,-3.2076795565604612e-27,-7.4852268178131882e-16,5.3407709917240227e-12,-4.3984328542432178e-19,8.4333636958290940e-16,3.6600228040825935e-20,8.7513077727949728e-20,1.6152608171650494e-45,4.1779875771877692e-51,-1.4916436253273730e-32,-5.0689005071974851e-34,1.4071499643008324e-15,6.3472696008147568e-13,3.3553590676508776e-22,1.0277930395383141e-23,-7.6798405641637697e-31,5.4540422726513921e-20,-1.7876022426590934e-33,1.4591947649950360e-23,4.2499079032925742e-25,-5.5657744356124682e-46,-1.8295588680992741e-26,-2.9637704472868260e-36,-2.6641924989907078e-24,-1.0220343699829041e-30,1.4349143216828049e-21,-2.3388980219534401e-32,-7.0435246515171968e-27,1.6537615088858106e-32,-4.2100652071145240e-24,-2.4671664190245188e-28,-5.1756179348597648e-20,5.4990126663267661e-20,-9.7381040345045439e-36,2.5844296084301924e-21,2.8843571255872430e-22,4.2150300160469540e-25,-2.8125732420484126e-21,-7.3874122505147495e-46,1.6971972546325807e-28,-1.7388597802691464e-28,5.6936781856378856e-51,2.6141354974416348e-31,2.1388177240661325e-33,1.4011738124458774e-25,-1.3677150284259986e-25,1.0393429729361992e-11,-0.0000000000000000e+00,4.9723431259817052e-29,6.1973140433647119e-30,-3.1323156678545114e-29,-4.8170491711699340e-27,
2.0245046968888340e-18,-3.2073633915524560e-27,-7.4852260398422336e-16,5.0347494787829460e-12,-4.3984333743268192e-19,8.4333649458580508e-16,3.6591909544435544e-20,8.7513051248553652e-20,1.3202868284074228e-45,6.2906330917348507e-51,-1.4916437000216431e-32,-5.0689008310033403e-34,1.4071499626340634e-15,5.9390319729367098e-13,3.2822356846232095e-22,1.0274653786875186e-23,-7.6798408279737968e-31,5.4540424681868488e-20,-1.7876023113747550e-33,1.4591952008688109e-23,4.2478075110984466e-25,-5.5657748365055306e-46,-1.8263363364325985e-26,-2.9637706680228243e-36,-2.6652111652114718e-24,-1.0220343866671982e-30,1.4349158225407606e-21,-2.3388980719367297e-32,-7.0398169896210894e-27,1.7511065354431759e-32,-4.2100651625307122e-24,-2.4671681177156833e-28,-5.1730440862072872e-20,5.4988040743339793e-20,-9.7781208100495880e-36,2.5844274610170175e-21,2.8843568128066012e-22,4.2150374132539347e-25,-2.8125732418887485e-21,-7.3864002659017678e-46,1.7007104576355172e-28,-1.7388595070348860e-28,4.6947257077709976e-51,2.4883374105209859e-31,2.1733867307579266e-33,1.4011219199700751e-25,-1.3670351787435623e-25,9.3621525407604417e-12,-0.0000000000000000e+00,4.9723496445848547e-29,6.2182670301733674e-30,-3.1323157863523672e-29,-4.8162581986257630e-27,
2.5698979619695472e-18,-3.2741412819390945e-27,-7.4803485140457203e-16,4.9608524766091668e-12,-4.3984406567017961e-19,8.4333581259858097e-16,3.6471815867707328e-20,8.7513211516528340e-20,1.2210156010163114e-45,1.8980345364596811e-50,-1.4917069516851648e-32,-5.0691440625802549e-34,1.4071497925685982e-15,5.8894483689244238e-13,3.2685468371600357e-22,1.0299172651087608e-23,-7.6801394999071233e-31,5.4540431089000913e-20,-1.7876727265598231e-33,1.4591950092503782e-23,4.2552847632433136e-25,-5.5660000989683871e-46,-1.8236124440646600e-26,-2.9638920795937630e-36,-2.6639511932902244e-24,-1.0220680036854195e-30,1.4349121564082478e-21,-2.3389661932085472e-32,-7.0415845665159561e-27,1.5275037635354212e-32,-4.2100651664285986e-24,-2.4675170495238994e-28,-5.0466781975831508e-20,5.4956432883068443e-20,-1.1941614031456465e-35,2.5844273559490495e-21,2.8843581249820358e-22,4.2150258020108126e-25,-2.8125689362001257e-21,-7.3855861845224491e-46,1.6954285330674898e-28,-1.7388599739394539e-28,8.0874121473814069e-51,2.9518362913978928e-31,2.1923773417433346e-33,1.4003129616187367e-25,-1.3346977677564610e-25,8.5568919537656798e-12,-0.0000000000000000e+00,4.9724817687350914e-29,6.0985073274298029e-30,-3.1324440358629800e-29,-4.8142502536683660e-27,
2.2192263218062669e-18,-7.7690612553189922e-27,-6.5818291502449280e-16,3.7542132522562586e-12,-4.1122288911473533e-19,8.4265233306305851e-16,3.0862048538419319e-20,8.7507254455627025e-20,2.5032172371622217e-44,2.4724956193060336e-47,-1.7718684380696602e-32,-6.1523557180662912e-34,1.4060102972471615e-15,6.4247740428572536e-13,3.2337915189421704e-22,1.0239287543162993e-23,-8.9014829278008058e-31,5.4535499172758760e-20,-2.0732283109345810e-33,1.3639937696100907e-23,4.2342325254114767e-25,-6.4338668958353450e-46,-1.5502300078950713e-26,-3.4298708095716524e-36,-2.2633555330494347e-24,-1.1696264137077276e-30,1.4330653105461477e-21,-2.6432480523569509e-32,-6.0506617506583132e-27,1.7038123411635384e-32,-4.2099796828762904e-24,-3.0168823750538613e-28,-3.3406529348367482e-20,5.3473000101876622e-20,-6.7701446678873285e-35,2.5843480764442493e-21,2.8841842219506354e-22,4.2115946946590246e-25,-2.6287977999385116e-21,-8.4253784468283265e-46,1.6973312081557068e-28,-1.7388604688993223e-28,5.0497872432928348e-47,1.5605373995866747e-31,2.1993630866304725e-33,1.3638765026965684e-25,-1.0094421863697132e-25,1.1147958749700704e-11,-0.0000000000000000e+00,4.9722299368259616e-29,6.2268163295464019e-30,-3.6514518906998143e-29,-4.1491002126714201e-27,
1.1977045874175807e-18,-8.1745714676308430e-26,-1.3493029467954809e-16,4.9713700834446740e-12,1.9976541944412062e-17,7.3025604108730126e-16,7.0588491547978308e-21,7.5065698701888202e-20,4.7247626284389073e-44,3.0636424577758877e-46,-8.7400643996922543e-32,-3.0756563839524508e-33,1.2184607113079073e-15,6.1686443577962588e-13,2.7374508396676760e-22,8.3453153401223915e-24,-3.4579307576475574e-30,4.6929379276347391e-20,-7.6535364491072250e-33,-2.4817574528651045e-22,3.3520593129013322e-25,-1.2653896614920272e-45,-3.8733070446351680e-28,-6.7103179982591064e-36,-5.8299976339453656e-26,-4.5949922074702159e-30,1.1084146276166534e-21,-1.3021679089821177e-31,-1.3173977117190897e-28,1.7201902211289158e-32,-4.0814791281647890e-24,-1.5778632347510505e-27,-2.1646284784671487e-21,3.4278476836762349e-20,-8.6045004616752668e-35,2.3910075378454456e-21,2.4773481702565331e-22,3.6497534167080574e-25,-2.0846251455072496e-22,-7.4650482796751541e-45,1.6955887230385224e-28,-1.7341290736263831e-28,4.9038112169942840e-46,1.2031043621344014e-31,2.5405724305451935e-33,1.0144898228115567e-25,-3.1259793177139406e-26,9.2581306797333632e-12,-0.0000000000000000e+00,4.0992785911845161e-29,5.6052265101446112e-30,-1.3526864402822441e-28,-8.6257009605260010e-29,

