1
1
60
0
(32 0
((0,0) (7,31) (0,0))
((0,992) (7,1023) (0,0))
((0,960) (7,991) (0,0))
((0,928) (7,959) (0,0))
((0,896) (7,927) (0,0))
((0,864) (7,895) (0,0))
((0,832) (7,863) (0,0))
((0,800) (7,831) (0,0))
((0,768) (7,799) (0,0))
((0,736) (7,767) (0,0))
((0,704) (7,735) (0,0))
((0,672) (7,703) (0,0))
((0,640) (7,671) (0,0))
((0,608) (7,639) (0,0))
((0,576) (7,607) (0,0))
((0,544) (7,575) (0,0))
((0,512) (7,543) (0,0))
((0,480) (7,511) (0,0))
((0,448) (7,479) (0,0))
((0,416) (7,447) (0,0))
((0,384) (7,415) (0,0))
((0,352) (7,383) (0,0))
((0,320) (7,351) (0,0))
((0,288) (7,319) (0,0))
((0,256) (7,287) (0,0))
((0,224) (7,255) (0,0))
((0,192) (7,223) (0,0))
((0,160) (7,191) (0,0))
((0,128) (7,159) (0,0))
((0,96) (7,127) (0,0))
((0,64) (7,95) (0,0))
((0,32) (7,63) (0,0))
)
32
FabOnDisk: S_hydro_D_00000 0
FabOnDisk: S_hydro_D_00000 122962
FabOnDisk: S_hydro_D_00000 245928
FabOnDisk: S_hydro_D_00000 368893
FabOnDisk: S_hydro_D_00000 491858
FabOnDisk: S_hydro_D_00000 614823
FabOnDisk: S_hydro_D_00000 737788
FabOnDisk: S_hydro_D_00000 860753
FabOnDisk: S_hydro_D_00000 983718
FabOnDisk: S_hydro_D_00000 1106683
FabOnDisk: S_hydro_D_00000 1229648
FabOnDisk: S_hydro_D_00000 1352613
FabOnDisk: S_hydro_D_00000 1475578
FabOnDisk: S_hydro_D_00000 1598543
FabOnDisk: S_hydro_D_00000 1721508
FabOnDisk: S_hydro_D_00000 1844473
FabOnDisk: S_hydro_D_00000 1967438
FabOnDisk: S_hydro_D_00000 2090403
FabOnDisk: S_hydro_D_00000 2213368
FabOnDisk: S_hydro_D_00000 2336333
FabOnDisk: S_hydro_D_00000 2459298
FabOnDisk: S_hydro_D_00000 2582263
FabOnDisk: S_hydro_D_00000 2705228
FabOnDisk: S_hydro_D_00000 2828193
FabOnDisk: S_hydro_D_00000 2951158
FabOnDisk: S_hydro_D_00000 3074123
FabOnDisk: S_hydro_D_00000 3197088
FabOnDisk: S_hydro_D_00000 3320053
FabOnDisk: S_hydro_D_00000 3443018
FabOnDisk: S_hydro_D_00000 3565983
FabOnDisk: S_hydro_D_00000 3688947
FabOnDisk: S_hydro_D_00000 3811910

32,60
1.0000000000000000e+30,1.0000000000000000e+30,-1.0899099006555908e-04,-8.3792975915390380e-06,-1.5213198585627862e-28,-7.6718942956895127e-15,-2.3744742005948893e-05,-8.2115964741370771e-20,-5.8549940097451520e-09,-2.8750651628329372e-12,-4.0891686159000411e-12,-1.5264881470262084e-46,-2.1610122310416144e-48,-7.2457995089228089e-34,-4.2699310001742130e-35,-4.9325121064626159e-14,-4.1499558650626156e-06,-3.8050327863828231e-10,-6.4503319401251610e-12,3.4839417981479634e-40,-3.4616388164244811e-13,2.5570177165782588e-42,1.5085718272862198e-30,-2.7227308823033892e-14,-2.1053904892611976e-47,-3.0403995835491940e-15,-1.0589738649380820e-37,-7.1086683437211642e-14,-2.8679057045306877e-35,-3.9526501635250554e-14,2.3542870112203171e-40,-4.5355663339420197e-16,-1.3039894512368887e-22,2.4135820236386187e-28,7.4264403543198992e-35,-6.1577200426202672e-15,-1.0775054392246290e-16,-4.0612620151022335e-39,-2.7442374936660921e-15,-2.7031645799275430e-15,-7.1466224318632235e-17,-1.0955991165942666e-20,1.0102793997767018e-50,-3.8882871607874334e-21,-4.3850761318682878e-24,-3.0954293889836048e-48,-9.3679033114399979e-22,-1.8072419018596154e-23,-3.1968022113530935e-21,-4.5110755801394727e-23,-7.8115131585398956e-05,-0.0000000000000000e+00,-1.4940887603669731e-25,-1.5103117373708128e-21,-2.9836318006416828e-38,-1.9660833817156269e-16,-1.5025305474409834e+01,-0.0000000000000000e+00,-0.0000000000000000e+00,-0.0000000000000000e+00,
1.0000000000000000e+30,1.0000000000000000e+30,-2.5714510932458058e-03,-8.3015281389549334e-09,-3.3680058203223182e-10,-6.4136709147560780e-08,-1.7239296587479025e-04,-1.1729204559647252e-06,-2.2615205076681466e-04,-1.9331392106299586e-09,-1.0959732163073133e-10,-1.5902003222620102e-24,-2.9547022118743176e-26,-1.0157716223885573e-24,-3.3623269855809359e-26,-1.8818619248313354e-25,3.4891519438497902e-26,-2.3064982710492999e-07,-2.7626551560300250e-04,-4.4994582417056335e-16,-4.6262210217422374e-18,-1.7890232836971183e-26,-4.0493328857346882e-28,-1.3558014823823996e-28,-4.8570931033947064e-33,-1.2817313707697690e-31,-2.3502911699120203e-33,-3.4369682158137023e-31,-3.4977305964190180e-31,-1.3101678799983688e-33,-2.0297090699985401e-26,1.6965577351026316e-27,2.9312484579800996e-31,-2.5941086224610694e-14,-2.5014687205994233e-15,-6.3022277224983338e-16,-3.2294754779139763e-15,-1.5883014395713637e-14,-1.8316011913467492e-08,-3.4350251517696582e-11,-5.5179461890610091e-10,-3.8781390452249971e-14,-9.4661192486920897e-22,-1.0023131561912586e-18,-1.0607616315152849e-28,-2.8927282194475953e-29,-2.0092918021270376e-17,-1.6461238212046018e-18,-1.5913170635164095e-15,-3.5143371234928023e-17,-1.8951549046741789e-03,-0.0000000000000000e+00,-7.5262175727286159e-40,-8.9695871600870896e-43,-4.7852236370068161e-33,-5.5740261380202706e-33,4.4914723199326545e+02,-0.0000000000000000e+00,-0.0000000000000000e+00,-0.0000000000000000e+00,
1.0000000000000000e+30,1.0000000000000000e+30,-2.5821504612177238e-03,-7.9615046050287284e-09,-3.1488486302769796e-10,-6.1811682921868952e-08,-1.7327972536007596e-04,-1.1520052067229974e-06,-2.2615602210396268e-04,-1.9164777416852215e-09,-1.0796430054046351e-10,-1.8440528410696727e-24,-2.9505988546133221e-26,-1.0116104036107151e-24,-3.3486243017719601e-26,-2.5791065682927618e-25,-8.8360023183293183e-26,-2.2177596801923379e-07,-2.7750573797225009e-04,-4.0977785726325270e-16,-4.3192356190374725e-18,-1.5854487165701360e-26,-3.4288865678371289e-28,-3.8944658247833995e-27,-4.7879389210534679e-33,-5.8038209529665403e-32,-2.3498682421664812e-33,-3.4364718979571154e-31,-3.4973861188577631e-31,-1.3183509680938480e-33,-2.0402515307568241e-26,2.3489239550009053e-28,1.4942468425761670e-31,-2.4933152729931672e-14,-2.3358961031903269e-15,-6.0176101536390267e-16,-3.1431622132491697e-15,-1.5014747790797553e-14,-1.8276062426132202e-08,-3.4253788584977373e-11,-5.3771452204339509e-10,-3.7530123257681985e-14,-8.7264688146674613e-22,-9.6195227545780691e-19,-8.8032112213422911e-29,-2.9023584681607258e-29,-2.3183202086370575e-17,-1.6394506111351418e-18,-1.5736196378093883e-15,-3.4065026997364541e-17,-1.9038835080698036e-03,-0.0000000000000000e+00,-7.5254501565061286e-40,-8.9674127637453743e-43,-4.5454448100737222e-33,-5.5716241568962289e-33,4.6815637993859127e+02,-0.0000000000000000e+00,-0.0000000000000000e+00,-0.0000000000000000e+00,
1.0000000000000000e+30,1.0000000000000000e+30,-2.6233836966287837e-03,-6.4955345294082556e-09,-2.2063138961249492e-10,-5.1624416869030512e-08,-1.7681367044108942e-04,-1.0563938325448483e-06,-2.2622759665580361e-04,-1.8327291473237625e-09,-1.0050195238507729e-10,-2.0954030516625658e-24,-2.9401051068546410e-26,-1.0671926293403087e-24,-3.5119203728352690e-26,-1.0394980156646915e-24,-9.1512507485394092e-25,-1.8108968345047563e-07,-2.8222029477276145e-04,-2.3800026166964410e-16,-2.9309436108270469e-18,-1.0585230190174707e-26,-6.0807147356912029e-28,-1.0270707781963965e-25,-4.5861020289794212e-33,9.4181833893980754e-32,-2.3494638970532200e-33,-3.4361830276898239e-31,-3.4970386804108393e-31,-1.3453949536810253e-33,-2.5637865176784841e-26,-1.1766807478372959e-26,-8.3650632642218355e-31,-2.0354350833135360e-14,-1.6049157446647452e-15,-4.6986566289856435e-16,-2.7188419304968422e-15,-1.0537247949044548e-14,-1.8191517111521764e-08,-3.4008756147756016e-11,-4.6993272148087495e-10,-3.1811044921636754e-14,-5.7638991814010237e-22,-7.6041496431583825e-19,-4.4376253922905027e-30,-2.8752999222353296e-29,-4.1778947338063671e-17,-1.5882803049298503e-18,-1.4546922203231683e-15,-2.8538737419827373e-17,-1.9374969190133484e-03,-0.0000000000000000e+00,-7.5246823056876622e-40,-8.9650683733340831e-43,-3.8128976324494538e-33,-5.5684013061546949e-33,4.6988160829641856e+02,-0.0000000000000000e+00,-0.0000000000000000e+00,-0.0000000000000000e+00,
1.0000000000000000e+30,1.0000000000000000e+30,-2.7651018854383896e-03,-1.2777422340871209e-10,1.1655789332460284e-10,-6.8545154801983883e-09,-1.8955418845667538e-04,-6.2796375033518509e-07,-2.2615637466916194e-04,-1.4428194814434690e-09,-6.7317033088053344e-11,-1.9533900361291091e-24,-2.9476231430778900e-26,-1.5287297983056046e-24,-4.8971027440627271e-26,-5.4368272724805747e-24,-4.6557450802853101e-24,4.2543795770360118e-09,-2.9807810726645290e-04,4.7408198698584654e-16,3.3053990679652664e-18,6.1549075171785685e-27,-2.8112385362822211e-27,-6.0643936565025136e-25,-4.2439439575090032e-33,-1.4138503359666868e-30,-2.3490797306871307e-33,-3.4360923147301207e-31,-3.4967641581534441e-31,-1.3400472935602115e-33,-5.7597772322155084e-26,-7.2094745754229520e-26,-6.3742614733056630e-30,4.3229796518168089e-16,1.6786501468597756e-15,1.3838063451270995e-16,-6.8925422813091551e-16,5.3023327477065461e-15,-1.7527817745670044e-08,-3.2620799167455208e-11,-1.5134009097292839e-10,-6.3342433325983827e-15,8.0508476333142245e-22,2.2775802581012380e-19,3.0354747592407924e-28,-3.0878189978058298e-29,-1.3529250415621014e-16,-1.1750334159363967e-18,-7.6758692654333465e-16,-9.0137399043102252e-19,-2.0531064798268162e-03,-0.0000000000000000e+00,-7.5238914308016330e-40,-8.9622470472326209e-43,-6.4720586493728142e-33,-5.5656286285189890e-33,4.8795418202644214e+02,-0.0000000000000000e+00,-0.0000000000000000e+00,-0.0000000000000000e+00,
1.0000000000000000e+30,1.0000000000000000e+30,-3.1917948705839903e-03,2.3516744008083695e-08,1.3766186991113389e-09,1.6116869794855545e-07,-2.2927442486220251e-04,9.9147201841794097e-07,-2.2925229596626462e-04,5.5971525284793564e-11,5.6895977969869193e-11,-1.8107656979603840e-24,-3.1250022405852073e-26,-2.9238031790629350e-24,-9.1491768548277745e-26,-1.7767849826449437e-23,-1.4794493293593657e-23,7.2598528188703385e-07,-3.4415113731034452e-04,3.1891217805853984e-15,2.7296972960269989e-17,5.0532154584581809e-26,-1.0268918695185527e-26,-1.9942794420866092e-24,-5.4824646562786138e-33,-7.1102076440565571e-30,-2.2760896163892835e-33,-3.3645845873533037e-31,-3.3964740770242387e-31,-1.1809937095001328e-33,-1.5521861049487416e-25,-2.3764957688353108e-25,-2.4723863141301156e-29,8.0445145636849817e-14,1.4350299558131270e-14,2.5365029926551492e-15,7.5426166503913248e-15,6.2966838195973809e-14,-1.4910259738505692e-08,-2.7839660518400205e-11,1.1376562725729686e-09,8.9742427286003051e-14,6.4322649960973874e-21,4.4735827277476908e-18,1.1334192649663304e-27,-4.0348861399900111e-29,-4.9158957651091303e-16,1.3744325568191378e-18,2.5506185051763269e-15,1.1811002949317724e-16,-2.3988403902164279e-03,-0.0000000000000000e+00,-7.1476887731417017e-40,-8.6232207536398765e-43,-2.0669457771863184e-32,-5.4900435647524893e-33,5.9462706209160388e+02,-0.0000000000000000e+00,-0.0000000000000000e+00,-0.0000000000000000e+00,
1.0000000000000000e+30,1.0000000000000000e+30,-4.1802220540264386e-03,9.8767928777219994e-08,5.4156388994049521e-09,7.0121946591230016e-07,-3.2569179804486925e-04,6.1983568868913611e-06,-2.4202691926988873e-04,4.8925681168141921e-09,4.5383406969907749e-10,-1.7327139876947742e-24,-3.1744626863798472e-26,-3.5428814808088650e-24,-1.1006734161735772e-25,-2.4480867463330814e-23,-2.1503431938305796e-23,3.1338122707594415e-06,-4.4709580933333104e-04,1.2067277672353796e-14,1.0614132065316376e-16,1.3807161403549865e-25,-1.3307525648484328e-26,-2.7824298603018216e-24,-5.4732283372932635e-33,-8.5931816180464060e-30,-2.2753494689962952e-33,-3.3611464100114931e-31,-3.3946275113408874e-31,-1.1359568436475388e-33,-2.0231691462494804e-25,-3.2003300064561471e-25,-4.3707152439651312e-29,3.3963496541618433e-13,5.6302165679999040e-14,1.0608291699415340e-14,3.5906538525209606e-14,2.4796214792616179e-13,-1.9630432618111338e-08,-3.5441428650815062e-11,5.6789324268948899e-09,3.9459297059491179e-13,2.6309608560169672e-20,2.0670776703450321e-17,3.5230070554044367e-27,-4.2964133718136043e-29,-1.3552519434619379e-15,1.4334779059863484e-17,1.6094147669402627e-14,5.5903734560012928e-16,-3.1974119046873639e-03,-0.0000000000000000e+00,-7.1467602547922333e-40,-8.6964200411246914e-43,-2.3438812729844399e-32,-5.4952299372153302e-33,1.0162404231959954e+03,-0.0000000000000000e+00,-0.0000000000000000e+00,-0.0000000000000000e+00,
1.0000000000000000e+30,1.0000000000000000e+30,-5.8181787581156434e-03,3.0529664009132704e-07,1.6582464200483697e-08,2.1957299032029031e-06,-4.9856936877590297e-04,2.0510640582867626e-05,-2.6250615098311059e-04,1.8031233818125178e-08,1.5467979907949115e-09,-1.7366338206603325e-24,-2.3984183060847752e-26,-1.6433449844167958e-24,-4.8683479597609787e-26,-1.9114566502210874e-23,-1.9392970904258574e-23,1.0045522482222285e-05,-6.1746788952710130e-04,3.7070385735769342e-14,3.2808453814688485e-16,3.6804228038184091e-25,-6.6434629619678248e-27,-2.2865129377414235e-24,7.6162425617315700e-33,2.6291021533380482e-30,-2.2555243429409384e-33,-3.3418332862714342e-31,-3.3859353269851184e-31,-1.6148074229192769e-33,-9.8229352752643259e-26,-2.3701802459935504e-25,-4.2787659724163442e-29,1.0431164120722936e-12,1.7594312113915665e-13,3.3873396680086054e-14,1.1923904002770649e-13,7.5899725616548796e-13,-1.3371733220846483e-07,-2.1517677792085113e-10,1.9725979917148115e-08,1.2048425797108915e-12,8.7656331755062948e-20,7.6449434204840822e-17,9.4053449438389169e-27,-1.1923502251732831e-29,-1.9652587148000168e-15,7.0009807380793023e-17,6.3091634104981794e-14,1.9676881896248980e-15,-4.5257023101319405e-03,-0.0000000000000000e+00,-7.1402079882818531e-40,-8.7395583488716869e-43,2.2719810277216917e-32,-5.2526518982215017e-33,2.1636477831634693e+03,-0.0000000000000000e+00,-0.0000000000000000e+00,-0.0000000000000000e+00,
1.0000000000000000e+30,1.0000000000000000e+30,-7.5701950732630797e-03,8.0147879969494451e-07,4.3609127841049574e-08,5.8081358870336363e-06,-7.1733062989576268e-04,5.4612483938874974e-05,-2.6749240968071408e-04,4.8444887158245364e-08,4.1809625069726950e-09,-1.7396674162374068e-24,3.9268257752323894e-26,1.6911262082276894e-23,5.3046965953412265e-25,9.8744250148015669e-23,5.6515464850513984e-23,2.7325518587364159e-05,-8.3505599178523848e-04,9.8571437717162047e-14,8.7050745585481094e-16,1.0763755574251788e-24,9.5016406837221516e-26,1.0152104615474069e-23,8.9342277017043382e-32,1.3521096401360058e-28,-4.4383877166664217e-33,-7.0753550216250302e-31,-3.1777702056262130e-31,-1.7508909454398572e-31,1.2697907133729702e-24,1.4935893042375465e-24,9.6990042298452651e-29,2.6592226342887600e-12,4.7399323013655404e-13,9.2083431733337131e-14,3.3087124769503951e-13,1.9924934071595867e-12,-5.9430978363511969e-07,-9.1959613685344691e-10,5.8133585103776663e-08,3.0314498682071337e-12,2.5513760450660569e-19,2.4988760486340306e-16,2.1869642165924336e-26,1.8841912862498688e-28,-1.8804493236234229e-15,2.7130221825168612e-16,2.0277978007211111e-13,5.8795613304944685e-15,-5.9592709661382415e-03,-0.0000000000000000e+00,-6.6466593488477472e-40,-9.0935725525707033e-43,4.5648608438198241e-31,-7.5182859738936284e-33,4.2654521230724640e+03,-0.0000000000000000e+00,-0.0000000000000000e+00,-0.0000000000000000e+00,
1.0000000000000000e+30,1.0000000000000000e+30,-8.4664497687244947e-03,1.8725767036205054e-06,1.0239058264688097e-07,1.3636085219745434e-05,-9.1018860073899255e-04,1.2705899450681044e-04,-2.6065455668855542e-04,1.1052021570980366e-07,9.8811071662013890e-09,-2.0603206921658634e-24,-1.2821555468762061e-24,4.8529173394875883e-23,-7.1887901918450547e-24,5.0609797506514019e-22,3.3426772078756499e-22,6.5813930533899895e-05,-1.1051293724584355e-03,2.3421130504622180e-13,2.0538351203843192e-15,1.1477106424611506e-24,-1.6224049109139153e-25,5.3635813500583995e-23,3.4712274599356885e-31,5.7249096832187720e-28,-2.5715749580218804e-31,-7.3653906906582923e-30,-6.6665001089455413e-30,-3.0969532460176612e-32,5.7375716262439775e-24,7.4557870640550175e-24,7.9056635356502077e-28,5.9149774213918790e-12,1.1393952153352955e-12,2.2190096906153452e-13,8.0768196242843511e-13,4.6651040970116577e-12,-1.7571963966501536e-06,-2.6308602809425121e-09,1.5153234985352215e-07,6.6960356216001537e-12,6.6398452967505248e-19,7.2531005946558769e-16,4.2931670903951799e-26,6.0982966794944008e-28,2.8642435846409850e-15,8.7210517751378807e-16,5.6124025152286322e-13,1.5437565159703071e-14,-6.6788312574894704e-03,-0.0000000000000000e+00,-8.1264036933119633e-39,-8.2317932186941335e-42,1.8108647936279659e-30,-1.0847468216540417e-31,6.6514120067586191e+03,-0.0000000000000000e+00,-0.0000000000000000e+00,-0.0000000000000000e+00,
1.0000000000000000e+30,1.0000000000000000e+30,-8.4948950107001393e-03,4.0205588942119593e-06,2.2124329061803040e-07,2.9371075198745574e-05,-1.0619941395728638e-03,2.6974646266718447e-04,-2.0682779350300606e-04,2.2881811618226487e-07,2.1320362796466905e-08,-1.4940511288499109e-24,-5.3974123975055229e-24,-3.4004292968195237e-22,-8.5539577876801893e-23,1.1154656404291452e-21,7.9066494672949413e-22,1.4457169573394281e-04,-1.5122420427698957e-03,5.1221460110075881e-13,4.4494593882431031e-15,-3.4963054086755688e-23,-1.0993145599543524e-23,1.2297831905968727e-22,7.1970447564005547e-31,1.2090934931897640e-27,-1.6160824399497146e-31,-5.4431651598716530e-30,-4.9689982131977976e-30,-9.2689106484777758e-32,1.2775987259822228e-23,1.7087934384830588e-23,2.3154723675285433e-27,1.2028923894154119e-11,2.5163591241266741e-12,4.8913465726436377e-13,1.7932666668251992e-12,1.0051180114060913e-11,-3.7943828266016888e-06,-5.4066426997924177e-09,3.5548435682291350e-07,1.3820377736514859e-11,1.5643169192722147e-18,1.8476750036017860e-15,6.8058175321875930e-26,-2.4930685206608368e-27,2.2279138040186504e-14,2.3324124994356094e-15,1.3622026844973097e-12,3.6276284140867117e-14,-6.6906107659692182e-03,-0.0000000000000000e+00,-5.4939510162310332e-39,-5.6406005239310884e-42,3.8266813774383063e-30,-7.1682852835067886e-32,7.7948195418866817e+03,-0.0000000000000000e+00,-0.0000000000000000e+00,-0.0000000000000000e+00,
1.0000000000000000e+30,1.0000000000000000e+30,-8.2219615059726109e-03,8.1496543092740620e-06,4.5216305030686701e-07,5.9676384858540235e-05,-1.2542202444676409e-03,5.3977381106842023e-04,-4.4951696878681169e-04,4.5184674070305534e-07,4.3292554317587234e-08,-1.6498552184671606e-24,-6.2382515042151009e-24,-1.1200384151540226e-22,-5.1857914844370071e-23,1.6537600311617346e-21,1.1661042188880566e-21,2.9734850015482816e-04,-2.0597981433001511e-03,1.0619407476108274e-12,9.1281836443194048e-15,-1.2323587086944757e-23,-3.6390258156833637e-24,1.7951241856793751e-22,1.1248378259070179e-30,1.9086759295133415e-27,-3.8117393474558877e-31,-1.8447055468517538e-29,-1.7658453509331601e-29,-7.7466180431756316e-32,1.8397859682865689e-23,2.4961279665904664e-23,4.5867321444787252e-27,2.3380138459814183e-11,5.2506395944414728e-12,1.0142277059934681e-12,3.7212248898969377e-12,2.0498891708805147e-11,-6.3770377220490868e-06,-8.2636265610031893e-09,7.6292065237928938e-07,2.8200173847686840e-11,3.3869800618846473e-18,4.1534940429978699e-15,8.4874975444517130e-26,-7.1549785502924969e-28,6.3938715807232139e-14,5.2510758971426552e-15,2.9416814117959490e-12,7.7561335772884281e-14,-6.3454765497628074e-03,-0.0000000000000000e+00,-1.5128829495577606e-38,-1.3846163277880182e-41,4.3472286532473377e-30,-2.8835470447288922e-31,7.5327749112329911e+03,-0.0000000000000000e+00,-0.0000000000000000e+00,-0.0000000000000000e+00,
1.0000000000000000e+30,1.0000000000000000e+30,-7.7644156619193442e-03,1.5937419123912480e-05,8.9506169285282588e-07,1.1694096243817590e-04,-1.5300382383287570e-03,1.0406384649727348e-03,-1.3816028808510961e-03,8.7982111830671082e-07,8.4693815114345498e-08,-8.9373293386737741e-25,-2.5140086654842209e-23,-2.8249572693435336e-21,-3.3806896260473617e-22,-3.2297387550925829e-20,-4.7663441957362633e-21,5.8560170426834193e-04,-2.4622610826641189e-03,2.1471722014189335e-12,1.8214975634968190e-14,-2.1138257773698693e-22,-5.6041065397145285e-23,-2.1521266644412140e-21,2.6567702265579378e-30,4.4803418005970462e-27,-3.8130775842003633e-30,-5.7467536602948760e-28,-2.4343774363350234e-28,-1.2962314839927767e-27,2.0545236001039413e-23,2.7822900286380591e-23,4.4101447575057534e-26,4.4657130947895398e-11,1.0629175702781468e-11,2.0253145072439390e-12,7.3707721233744480e-12,4.0531722879740418e-11,-8.8710004410295950e-06,-9.3841046602564582e-09,1.5287300049610057e-06,5.8214317209257647e-11,6.9221761906419929e-18,8.5169812297774911e-15,8.5523065391910113e-26,-2.9667169538120861e-26,1.2766863506416693e-13,1.0266161290519020e-14,5.7551565367618680e-12,1.5394871564349386e-13,-5.7154447496987615e-03,-0.0000000000000000e+00,-9.5474694494850399e-37,-8.0199777946630504e-39,4.9397625372688771e-30,-2.6156194999407062e-30,6.9847142418439034e+03,-0.0000000000000000e+00,-0.0000000000000000e+00,-0.0000000000000000e+00,
1.0000000000000000e+30,1.0000000000000000e+30,-7.6100238627596142e-03,3.0628665133123382e-05,1.7551140430315979e-06,2.2511109791308086e-04,-1.8117832190772676e-03,1.9591934275831405e-03,-3.3024001187820229e-03,1.7222323145842134e-06,1.6275637221582508e-07,-7.4457794364132608e-25,-7.1438093646926496e-22,-2.0370926172454979e-19,-1.4412727663782318e-20,-1.1021585592587082e-17,-6.6693383041291145e-18,1.1260188269413105e-03,-2.5960313765338583e-03,4.3641762148771013e-12,3.6264521425591066e-14,-2.3775919298113555e-20,-7.3309619595999011e-21,-6.8202883908687423e-19,-6.2840728262188347e-28,-1.0023559658049856e-24,-2.4050974952611178e-27,-1.7954073168214868e-25,-1.7325977935519195e-26,-8.5302105761117022e-26,4.8003851707022369e-23,-1.2511721547195338e-22,-1.5457393039629600e-23,8.4744498663045175e-11,2.1462985513438416e-11,3.9785264657050316e-12,1.4168746358236596e-11,7.9430609247781242e-11,-1.1009550102970089e-05,-9.3444152775321359e-09,2.9218259356954643e-06,1.2109975165884470e-10,1.3943895624824734e-17,1.6957676847644677e-14,-5.7395963783664785e-27,-2.3380857966028703e-24,2.2360647684050827e-13,1.8444608926015691e-14,1.0427861521458023e-11,2.9106324166931393e-13,-5.5151396383124052e-03,-0.0000000000000000e+00,-3.5856730439982815e-35,-1.3485115216022490e-36,-4.0491071126704943e-28,-1.1485578663204386e-26,2.6858887805428822e+03,-0.0000000000000000e+00,-0.0000000000000000e+00,-0.0000000000000000e+00,
1.0000000000000000e+30,1.0000000000000000e+30,-6.8553448580736080e-03,5.8960988878246248e-05,3.4988613782455230e-06,4.3379288225978775e-04,-2.0021747838133708e-03,3.6403231331422724e-03,-6.5467556264325877e-03,3.4538120636581312e-06,3.1305539437025376e-07,-5.3331159924134435e-25,-4.9518950236989810e-22,-1.2301578877616766e-19,-9.0442118549280438e-21,-9.7770398003357167e-19,-2.9460689840549245e-16,2.1554107011121796e-03,-3.7370039766837504e-03,9.2710407243176273e-12,7.4323449323277404e-14,-1.3943835154680661e-20,-4.0635957254603776e-21,-3.4256053833363276e-19,-1.6592350377054207e-26,-2.5060116027694316e-23,-2.0021973697967743e-27,-2.3652970900976711e-25,-1.0447960917577397e-26,-6.6722959380203916e-26,4.3384801546322502e-23,5.5378668745301747e-23,-3.4996246372581785e-22,1.6120031917897811e-10,4.4690434678656096e-11,7.8602719625254268e-12,2.6788461723893195e-11,1.5826247940211020e-10,-1.3322982513353722e-05,-6.8474838865041533e-09,5.4094016190560849e-06,2.5460154884399995e-10,2.9395523889364444e-17,3.5782027084093886e-14,-2.4619216238663130e-25,-1.4943298848720650e-24,4.7090823813013215e-13,3.2896601360441532e-14,1.7874367968010793e-11,5.3985973015192675e-13,-5.3360240526156844e-03,-0.0000000000000000e+00,-5.0905274363719610e-35,-1.2561542874658433e-36,-9.5689862011326979e-29,-5.3313685618257003e-27,-7.0318944375321735e+03,-0.0000000000000000e+00,-0.0000000000000000e+00,-0.0000000000000000e+00,
1.0000000000000000e+30,1.0000000000000000e+30,-4.8637290247027535e-03,1.1627296049692395e-04,7.3342382421981867e-06,8.5588214675657312e-04,-2.0164111973891563e-03,6.7465843672656969e-03,-1.2025612895621984e-02,7.2827316226071773e-06,6.1450226686624267e-07,-1.8850383703302858e-25,-5.3689696294191141e-23,-1.3229173027771503e-20,-4.0827577268355277e-22,8.2448188790935826e-18,4.2198141895308789e-18,4.1996929736882026e-03,-9.4701501341526440e-03,2.1753974166056342e-11,1.6385705694846276e-13,-2.5866676382227869e-22,-5.8990540524274097e-23,-6.6463057965097839e-21,-7.8078667950242174e-26,-4.8916129164028186e-23,-1.4485919482895012e-28,-6.8320452754703511e-28,-6.7279059122146501e-29,-4.6850979671677597e-28,-8.1707838155394230e-22,-9.1866390778353067e-22,-5.8727985200258513e-22,3.1235355091592640e-10,9.9970097747345744e-11,1.5974346879607823e-11,5.0132706412283765e-11,3.3149907853716870e-10,-1.7113940576723106e-05,-4.0737604039012984e-10,9.7254492959452421e-06,5.5503944197765998e-10,6.8929563917333234e-17,8.5094135105093439e-14,-2.0562454957226469e-24,-1.9338001635964581e-25,9.6666734963804532e-13,6.0888150411154125e-14,2.9255561307606104e-11,1.0085308313912395e-12,-4.2907704561612192e-03,-0.0000000000000000e+00,-3.9793117359486221e-34,7.6430561135658019e-39,-4.3285805672644256e-28,-1.6261431696999400e-29,-1.8625796742999228e+04,-0.0000000000000000e+00,-0.0000000000000000e+00,-0.0000000000000000e+00,
1.0000000000000000e+30,1.0000000000000000e+30,-3.8270634253780192e-03,2.4162281760074415e-04,1.6924432778841717e-05,1.7795251085661852e-03,-1.8497409588758007e-03,1.2605632121245056e-02,-2.2855488130274493e-02,1.6605838482767889e-05,1.2538456075451143e-06,-1.9175987383325278e-23,-3.2369027525177933e-20,-4.2312780727535144e-17,-1.7287233978185406e-19,1.3210967170019452e-17,6.1023261832439719e-18,8.5684658082831426e-03,-2.6459003047221707e-02,6.1052315754722806e-11,4.1369082545563702e-13,-5.4229663629091535e-20,-6.7070176265565362e-21,-5.1628300267862287e-19,-1.9376273113858642e-24,-3.5587858904133069e-23,-1.1665821746124654e-24,-5.9408087826016400e-24,-5.6021958282365973e-25,9.8055554348837065e-29,-8.9339878953122023e-22,-2.3749924292523193e-21,-3.1238117408779757e-22,6.3081360302204277e-10,2.5188034908065593e-10,3.3988907996932162e-11,9.1897225722842010e-11,7.6398364023774346e-10,-2.4985465193243659e-05,-1.5230041798262869e-08,1.6669777576699724e-05,1.3081910735509282e-09,2.0029776630126280e-16,2.6174419827744116e-13,-8.6126783363686153e-24,-9.8623935726276407e-23,1.0394799648820109e-12,1.3337628619795320e-13,4.5637617206584207e-11,1.9414869644504058e-12,-2.5393401753559530e-03,-0.0000000000000000e+00,-8.5718097785241071e-29,4.0340466001623303e-33,-3.0670849640121391e-26,-4.1962295443443226e-25,-3.8213006694277283e+04,-0.0000000000000000e+00,-0.0000000000000000e+00,-0.0000000000000000e+00,
1.0000000000000000e+30,1.0000000000000000e+30,-7.3777707432581847e-03,5.5101003941616933e-04,4.5936210927914758e-05,4.0648789258627546e-03,-2.1892778701015914e-05,2.4094757671169295e-02,-5.0316674306480347e-02,4.2011414712133295e-05,2.7069576465273462e-06,-5.5902013646004431e-20,-3.8707144328260838e-18,1.0541141467350581e-17,-1.4892252838224089e-18,-5.1022925284382210e-17,-6.0365735722446964e-16,1.9068197063563722e-02,-7.5273173222381584e-02,2.2957421061258205e-10,1.3066444951301528e-12,-1.0161617680981692e-18,-1.0817549388629044e-19,-6.4441103719031124e-17,-1.2925982351375650e-21,-6.6551935661743512e-19,-4.2679209885557009e-20,-1.6094456261747961e-19,-2.5305325487762394e-20,6.8617300997344638e-24,-2.7964903358079288e-18,-6.0409710658037720e-19,-2.8733182140280454e-20,1.3682514238981230e-09,7.4929213820518632e-10,7.5836278771856734e-11,1.5739632441649073e-10,2.0682469876446601e-09,-4.4563857766709698e-05,-1.6325470326546057e-07,2.5723999661341137e-05,3.4848215108743409e-09,9.7403561197092829e-16,1.4853652128558341e-12,-1.9852691800650459e-23,-3.5607303424812206e-21,1.4906255381784817e-12,4.7654049830288761e-13,7.2121857750227507e-11,4.0511435364972411e-12,-1.0663580729541877e-03,-0.0000000000000000e+00,-1.6565535617935982e-23,1.3905453504362415e-27,-2.5276367713505453e-21,-8.9945902245496514e-20,-1.1749081766931340e+05,-0.0000000000000000e+00,-0.0000000000000000e+00,-0.0000000000000000e+00,
1.0000000000000000e+30,1.0000000000000000e+30,-2.0598154210666776e-02,1.4723550646711144e-03,1.6237828506528298e-04,1.0923076110621741e-02,1.1380292170917738e-02,4.8455556182554635e-02,-1.4843766680219805e-01,1.2165275037161977e-04,6.4137155642555958e-06,-3.6863214932326216e-16,-1.3803387669741075e-14,-8.9579063469483784e-14,-1.2288459424710295e-14,-1.8147053498138329e-12,-9.9384606065703756e-13,4.9311160990511464e-02,-2.6171016800718983e-01,1.3591771510375047e-09,5.8557847955015974e-12,-1.3547287001200712e-14,-3.4918166333015914e-16,-5.0973970184455800e-14,-2.0368117119733781e-17,-6.6962898262045818e-15,-1.7751616447753365e-15,-1.4935066116664212e-14,-1.2425974306433559e-15,5.8740678062555878e-19,-3.3292789548719054e-14,-8.2608481409515742e-15,-2.9572131262731675e-15,3.3151258954910726e-09,2.7271016222551462e-09,1.7078775259571299e-10,1.6880162015267635e-10,7.2658215080365110e-09,-1.0611314473511020e-04,-6.0069962937491240e-07,8.6438196913939640e-06,1.0759071207844286e-08,1.3793779542851428e-14,2.1526095616298331e-11,-1.1172710780931864e-16,-3.7303524848427425e-17,6.9439371547407381e-12,3.5118901095841180e-12,2.0245864565562959e-10,1.2289521217583117e-11,3.2979412423195242e-04,-0.0000000000000000e+00,-3.2046578475130450e-18,4.7223475385092444e-22,-5.8566157300173124e-17,-3.1180999680243443e-15,-5.8722021688139648e+05,-0.0000000000000000e+00,-0.0000000000000000e+00,-0.0000000000000000e+00,
1.0000000000000000e+30,1.0000000000000000e+30,-1.3051105885484732e-01,5.1313364930991806e-03,8.8445703009218000e-04,3.8847401623946100e-02,8.5377398028260720e-02,1.0675994442601211e-01,-6.3565997641595873e-01,4.4062243944614180e-04,1.7443235631786800e-05,-4.5202379934318145e-12,-3.6201229618570554e-11,-5.8551661865982679e-10,-6.0394125692301906e-11,-9.0467872421167825e-09,-5.1462847345483037e-08,1.6603560817256582e-01,-2.2797645181916320e+00,1.6389591997922813e-08,-4.3061075284343248e-08,-6.7068516344824575e-11,-1.4163810947504651e-15,-9.1790135678770886e-11,-2.0258802626202288e-12,-7.9815415965061577e-10,-7.8200504212306120e-11,-2.9032850228041897e-11,-5.1751936929744916e-11,4.5590676777766879e-14,-5.6205892305019870e-10,-5.7919414654202627e-10,-4.4183655214517446e-11,-5.1107838994373354e-08,-1.9046220321809113e-07,-2.0151030428324923e-09,-1.7319441424649099e-09,3.8880890650105034e-08,-3.9413932071446090e-04,-9.7241099180121223e-07,-5.3895628001096212e-05,-1.4143402659852418e-07,1.1527422956995043e-12,1.3443584199951588e-09,-2.3024815327739744e-10,-2.0548513919843372e-13,8.3800782960228410e-11,8.2033050340519164e-11,3.9005376680023704e-09,2.2275943361134070e-10,3.4133285264914548e-03,-0.0000000000000000e+00,-7.2106266749015878e-13,1.4926897969025655e-16,-3.6811993489372756e-11,-4.2504079465603141e-10,-3.8458623188806814e+06,-0.0000000000000000e+00,-0.0000000000000000e+00,-0.0000000000000000e+00,
1.0000000000000000e+30,1.0000000000000000e+30,-1.7513678416733612e+01,-8.6096858965796025e-02,-4.2279591277404174e-02,-1.2047688746483325e+00,1.0945348807302884e+00,-2.0177507277127940e+00,-2.9925414848069909e+01,-1.1410356830679255e-01,-2.6397175405247046e-02,-9.2303443414807015e-06,-2.0160880532117000e-04,-7.5397379408524041e-03,-6.5645158444188991e-04,-4.3529673343575959e-01,2.4104994805910433e-06,-1.1634417748726150e+01,-3.4584720821078314e+01,-1.6950685925010103e-02,-5.6514678678746033e-01,-1.8855474194536166e-03,-1.7137323085749778e-02,-7.2087097602461361e-02,-7.2880775332911585e-06,-6.7534453520630500e-03,-2.1084313461113926e-03,-1.2638324950905711e-01,-1.7777257348549510e-02,-3.1829414443026022e-01,-2.6292465137942533e-03,-5.8872105530114779e-02,-6.3554599876855907e-05,-2.7214658697774270e-06,-1.1436769849168478e-06,-7.0459275612365789e-07,-7.3787255536166044e-07,-1.7215858134199946e-06,-1.3440111684078603e-03,-2.3560218379083193e-04,-2.1753607023339888e-04,-8.7444621351945817e-07,-1.1790708478068246e-07,-8.6671087079680066e-05,-7.8500764798466183e-08,-2.2184120661521870e-06,-9.7125934587183193e-06,-5.7196742054946547e-07,-5.4692397299325157e-05,-5.2693612899275159e-06,-1.2495956029850429e+01,-0.0000000000000000e+00,-9.2145525849538914e-05,-9.6847698676940808e-03,-1.1509380488070498e-03,-3.2530580143904586e-02,-4.4544648530254342e+07,-0.0000000000000000e+00,-0.0000000000000000e+00,-0.0000000000000000e+00,
1.0000000000000000e+30,1.0000000000000000e+30,-1.8085195240096922e+01,-8.4907675075588995e-02,-1.0916161195841918e-06,-2.4732069630446868e-05,1.9056038054465763e-03,-4.3645054836046599e-04,-1.5789503175777227e+01,-6.6690106014543934e-02,-2.6052076371861022e-02,7.6388818242006548e-29,-3.4352817628798781e-08,-3.2130431179544626e-08,-1.9379137944443315e-09,-2.2326720613415757e-03,1.1714620279032473e-03,-4.0976811390866441e+00,-5.6582751800778777e+00,-1.0919317124616534e-06,-3.2393330415162758e-01,-1.5198638267605600e-08,-7.3026938930712444e-03,-3.7227863787235339e-02,-7.0182239483608597e-08,-1.0273355907981742e-03,-2.8096072675725134e-09,-4.4635382483838526e-02,-2.0447989254590485e-05,-1.0765862839038627e-01,-2.7649471878381107e-08,-6.8324596149480004e-03,-1.3726494360265083e-06,-5.8502572651348423e-12,-9.7466938628743503e-10,-1.2113002133791874e-07,-4.3160141172123988e-07,-4.6355118245458303e-13,-1.3238019740169395e-04,-2.4395312150334115e-04,-2.4958263563350185e-05,-1.1351726515459834e-07,-3.1251510502167140e-11,-1.6439997152877118e-05,-4.9228633710578486e-09,-5.8573412676708469e-08,-1.2442138336684695e-06,-1.3018428993180583e-08,-1.1612826739908105e-05,-3.3058867111113702e-08,-1.2713434303371907e+01,-0.0000000000000000e+00,-1.5360791352362771e-06,-1.6402237832187797e-03,-1.3933142480763898e-06,-3.8372424660935655e-03,-4.1506259721063543e+03,-0.0000000000000000e+00,-0.0000000000000000e+00,-0.0000000000000000e+00,
1.0000000000000000e+30,1.0000000000000000e+30,-1.2544184628841958e-03,-6.6884693334568956e-03,1.0900745483201508e-24,-1.3476641644505464e-09,2.3494437104143451e-04,-4.9794737313011914e-12,-1.5012846214240388e-03,-1.1084989577971649e-06,-1.5766687820020176e-06,-1.9132783649921548e-41,-1.4145347569969743e-24,2.5409176983046447e-29,7.5514719497172219e-31,-1.4062774071196650e-08,4.7950089697434972e-05,-1.4320231323665950e-04,-8.6944709589739916e-06,1.5067643839347295e-27,-4.9307585748928961e-07,3.7133025409744613e-30,-7.5781638647768040e-12,-4.1864839129185643e-08,-3.6738933879782786e-27,-3.1787762868559145e-09,5.8012565690417720e-33,-8.8312803145431459e-08,4.3177738857657857e-27,-7.0390658791033695e-08,4.1883222506487686e-29,-1.2148426390119022e-09,-2.3800841153094711e-13,-7.8418643513084940e-17,1.2910441896036283e-25,-2.2176156111714160e-10,-3.1016491556414869e-11,-7.2119861838228527e-29,-1.1176499454447382e-09,-2.3147858210195043e-09,-3.4012567041527694e-11,-3.7177012592900272e-12,-9.3888301230897831e-32,-1.9610462356452753e-11,-5.1138082520986016e-15,-3.1457630025276725e-25,-1.8002113332700282e-12,-1.8631365154905983e-14,-1.6855476373488021e-11,-4.8268217898604475e-14,8.0380660461010223e-04,-0.0000000000000000e+00,-5.7831463118890546e-16,-2.0516208174978584e-11,5.9966748980193519e-26,-5.6277158967092456e-10,-1.9880520914739463e+03,-0.0000000000000000e+00,-0.0000000000000000e+00,-0.0000000000000000e+00,
1.0000000000000000e+30,1.0000000000000000e+30,-1.9416329789590241e-04,-4.8258978684596464e-04,7.4005745143266775e-27,-1.7087568429246958e-12,-3.0676360895931509e-05,-1.0097113498163626e-15,-1.7206855869080552e-06,-9.3310108123089300e-10,-1.3391629128519582e-09,-4.4938631697093967e-42,-3.0116586377750830e-40,6.1915917353995822e-32,2.1106931258643007e-33,-1.4147946978145541e-11,-4.2117422396903414e-06,-1.2379154338969957e-07,-3.0854012244970350e-09,3.0430660337572856e-30,-1.6885777277614934e-10,7.3012124063999632e-33,-5.7009107845491471e-17,-1.3650677648330788e-11,2.0992377786194362e-45,-1.3377083570574834e-12,1.1740533602710988e-35,-3.3108958913274969e-11,1.0136090819769008e-29,-2.0867909339829609e-11,8.8282125406812086e-32,-2.7983526943717221e-13,-8.4765092200662567e-17,3.0556741101401301e-24,5.4226231890959472e-28,-1.1282685105803924e-12,-3.2721638151517915e-14,2.2340432468530215e-35,-9.0195115730444916e-13,-1.1176739448571664e-12,-1.1750692245867018e-14,-3.0996429653311637e-15,-1.2360128579912971e-42,-6.4647226236031066e-15,-6.6082441774495065e-22,-1.3919985216322846e-42,-6.3119854295136634e-16,-6.9894637264445115e-22,-5.9226100395254294e-15,-5.4585139705157354e-17,-9.5585966364275521e-05,-0.0000000000000000e+00,-3.0372029062607860e-22,-3.2525038052435580e-15,1.2255399700352381e-28,-1.2333416003310878e-13,-2.8961016534594819e+02,-0.0000000000000000e+00,-0.0000000000000000e+00,-0.0000000000000000e+00,
1.0000000000000000e+30,1.0000000000000000e+30,-3.5756623782380500e-04,-5.9884763186608817e-05,1.3837929496016466e-28,-7.5408786871397511e-14,-7.8010038012665817e-05,-4.4321023456912103e-17,-6.8246071190671676e-08,-3.5349576954809114e-11,-5.0524116664550269e-11,-1.9502669615658187e-44,-3.2808520449091518e-46,3.5165814439775024e-34,1.4124825102213799e-35,-5.7173009073966385e-13,-1.3641870272307344e-05,-4.6841647780531492e-09,-1.0029031636773256e-10,1.1818062051838792e-32,-5.4514293437111954e-12,2.6858900621418690e-35,8.2893522748991176e-25,-4.3658368335320374e-13,8.8943023918237161e-48,-4.4799242558766556e-14,4.6546100177696978e-38,-1.0863883587650742e-12,1.0090295503499701e-32,-6.5650463612295262e-13,3.7460342074645762e-34,-8.3739529412064016e-15,-3.3165090121772644e-22,-1.7228669653114218e-24,5.7732535121033348e-30,-5.8605440568844055e-14,-1.2785552611243734e-15,4.1652381249260792e-37,-3.3971796049343229e-14,-3.8309759131788531e-14,-3.8019925448810479e-16,-1.1686614134142293e-16,1.1025780787947056e-46,-2.0707339013848356e-16,-2.7993639444893033e-22,-2.6891054000772974e-46,-2.0470287732214748e-17,-2.3351078316583261e-22,-1.9207511021763220e-16,-2.8764003491615641e-22,-2.5671399950244478e-04,-0.0000000000000000e+00,-2.7256660654858026e-22,-8.9953190810542259e-17,4.8785726633770077e-31,-3.6737910328736742e-15,-5.6975034676725045e+01,-0.0000000000000000e+00,-0.0000000000000000e+00,-0.0000000000000000e+00,
1.0000000000000000e+30,1.0000000000000000e+30,-3.5488350546738747e-04,-7.2173083114813939e-06,-1.2799155893325709e-30,-2.6542391666796873e-15,-7.7834195200132683e-05,-1.5589295078698756e-18,-1.0188081928349780e-09,-4.1702863261745926e-13,-5.8348912484922156e-13,-1.9940853937052730e-46,-2.3635543571909849e-50,-1.1225839590162638e-37,-4.3525264921594459e-39,-8.6361641857653626e-15,-1.3627645886749029e-05,-5.4968700244687713e-11,-4.3313030001726574e-13,-4.1811794308857847e-36,-2.2306479657717991e-14,-9.7298823920198836e-39,-3.1713253240147272e-29,-1.6553693431721316e-15,-3.0396441920031825e-51,-2.4269783389278597e-16,-1.6231735347007802e-41,-5.0458068662889234e-15,-1.1965261483636443e-33,-2.1457850128618002e-15,-1.2694154605234462e-37,-1.7551070849476689e-17,-3.9656936029837853e-22,-4.3914526458935287e-26,-2.9718112581741973e-33,-2.2308174293279007e-15,-1.7741603697387499e-17,-3.9369890219859883e-39,-3.8877573402273141e-16,-2.4485883214522530e-16,-1.5831332166340761e-18,-1.3466582805457288e-18,-3.3589954331296613e-47,-7.9498589313163161e-19,-1.0017472759226303e-22,-1.8837981846894083e-50,-8.6826730935251120e-20,-1.8730355199030808e-22,-8.1470628396101762e-19,-1.6487045520799051e-22,-2.5620328081288335e-04,-0.0000000000000000e+00,-3.3274226998211000e-24,-8.0789512370770546e-20,-1.7105032487295904e-34,-7.3627619508869367e-18,-3.2431416912004352e+00,-0.0000000000000000e+00,-0.0000000000000000e+00,-0.0000000000000000e+00,
1.0000000000000000e+30,1.0000000000000000e+30,-2.7676400469554184e-04,-3.3501819242393734e-07,-1.3244568211942778e-30,-3.9733397329792942e-18,-6.1857934607889575e-05,-2.3339088664379792e-21,-1.3104699456497810e-13,-3.2604736220342294e-17,-4.3903376868973169e-17,-7.2157047003070634e-47,-3.2827269019054199e-52,-1.0279930976881487e-37,-3.9645582821253321e-39,-1.2059938428418341e-18,-1.0853997423065920e-05,-4.2565220146218024e-15,-2.2043090418581523e-17,-3.8855509250221927e-36,-1.1706013705455071e-18,-9.0421055949895564e-39,-2.2861344385302960e-29,-9.1032621423224727e-20,-2.8214481992356004e-51,-1.1199552041099837e-20,-1.5066566725475264e-41,-2.4731912470088722e-19,-4.4116710739033286e-34,-1.3039277046864533e-19,-1.1821425355584369e-37,-1.4931769910759227e-21,-2.1995654274377069e-22,-2.0480030655644542e-28,-2.8311367696816809e-33,-4.0020655629662353e-18,-2.1330749534850984e-21,-4.0586752267726608e-39,-2.8789694686713630e-20,-1.1036746989110083e-20,-8.2238722406271259e-23,-1.0093682897550851e-22,-1.9463365898909895e-47,-4.3374381176763253e-23,-8.7312103835588266e-24,-1.4064306821785895e-52,-4.4633623718530214e-24,-3.6818324153381398e-23,-4.1891415119585082e-23,-9.2087472951701682e-23,-2.0371705433674947e-04,-0.0000000000000000e+00,-2.2243099971622460e-25,-1.3697495883126219e-23,-1.5882034390509265e-34,-6.4901540913647211e-22,3.7674326449632645e-02,-0.0000000000000000e+00,-0.0000000000000000e+00,-0.0000000000000000e+00,
1.0000000000000000e+30,1.0000000000000000e+30,-1.9362398309784440e-04,-3.8523571306340252e-09,-1.0397314586473842e-31,-1.7636401726429865e-20,-4.3326694870726712e-05,-1.0405990216774040e-23,-1.2806651418393322e-14,-6.2759473616528437e-18,-8.9258008144853715e-18,-4.9723528775607219e-47,-3.9094476538782094e-52,-7.5767806916027632e-41,-3.0099512735898186e-42,-1.0799386132137091e-19,-7.6028404058514631e-06,-8.3058500603434107e-16,-1.4325494419937561e-17,-2.5003316422800100e-39,-7.7021264362925780e-19,-5.9642707050459700e-42,-6.4383281353064529e-32,-6.0745207008253029e-20,-2.0556348261447523e-54,-6.7050278496256898e-21,-1.1052135390589834e-44,-1.5750194589428146e-19,-4.8005146690366798e-39,-8.8695170108196339e-20,-7.9824525747644807e-41,-1.0387544562546361e-21,-8.1406092965196786e-27,-2.0191398914033544e-29,-5.2134723221489261e-36,-1.4326172502584976e-20,-2.3700146457867357e-22,-3.1096091398175776e-40,-5.9890284487268240e-21,-5.9372236757470481e-21,-5.3907103662594361e-23,-2.0635015036531223e-23,-3.6346442231458765e-51,-2.8883677414068264e-23,-1.1006658864597447e-27,-1.7190318942725313e-52,-2.9132956966598555e-24,-6.3694951813563900e-27,-2.7335798971450114e-23,-1.6675422203540336e-26,-1.4269059545046758e-04,-0.0000000000000000e+00,-1.2136151624457772e-30,-9.5885554324890597e-24,-9.0941207132501685e-38,-4.5192152989922516e-22,3.1063536880537868e-02,-0.0000000000000000e+00,-0.0000000000000000e+00,-0.0000000000000000e+00,
1.0000000000000000e+30,1.0000000000000000e+30,-1.3255890451064736e-04,-4.5124374847837742e-08,-3.8910018086020495e-30,-2.0993232538472137e-20,-2.9662842460087546e-05,-1.2815241007575314e-23,-8.7677924096110805e-15,-4.2967077197923189e-18,-6.1108840863604818e-18,-5.4501548035758827e-47,-3.3630419928282869e-52,-1.1389091673401093e-38,-4.3381264199918420e-40,-7.3934154733272758e-20,-5.2051520385565375e-06,-5.6864458104640079e-16,-9.8076817679584569e-18,-4.4383437205018473e-37,-5.2731165423631084e-19,-1.0363555549679650e-39,-2.1008454631411570e-31,-4.1588064805087759e-20,-3.2987728653173702e-52,-4.5904727887083548e-21,-1.7615839427905703e-42,-1.0783076679440679e-19,-4.9113882828099347e-37,-6.0723477341580651e-20,-1.3620821837958421e-38,-7.1116345243826776e-22,-3.0954529378525117e-29,-2.3811442522332751e-33,-4.8778083734270350e-34,-2.2218827301903230e-20,-1.6146590186227822e-22,-1.1762763126000671e-38,-4.1002761013182153e-21,-4.0648104865783132e-21,-3.6906489357404416e-23,-1.4127380087951875e-23,-1.6968777330550638e-51,-1.9774667584005067e-23,-1.0734291217070249e-30,-1.8086369121424982e-52,-1.9945333896119597e-24,-4.4430376967596551e-30,-1.8714941122881139e-23,-1.0659582028234426e-29,-9.7690573963582494e-05,-0.0000000000000000e+00,-3.3188544665263560e-32,-6.5646194540518431e-24,-1.7981699662295557e-35,-3.0939946304482359e-22,-2.4519889848306775e-01,-0.0000000000000000e+00,-0.0000000000000000e+00,-0.0000000000000000e+00,
1.0000000000000000e+30,1.0000000000000000e+30,-9.6240149298178746e-05,-1.4833486245571290e-06,-6.3936146261354331e-29,-6.4837106240546797e-17,-2.1524498988734209e-05,-3.8072866080040695e-20,-4.7192676807937174e-12,-1.2458183681178928e-15,-1.6756484328233409e-15,-6.2720912734674647e-47,-1.0218774696833041e-51,-2.9980303511449664e-35,-1.1746336525864393e-36,-4.2169065502257309e-17,-3.7768993488285219e-06,-1.6261609514723239e-13,-2.0497089292050950e-16,-1.0750425745801753e-33,-9.5785825311910757e-18,-2.4978821418060449e-36,-1.4100789159247384e-26,-6.2006650248971017e-19,-7.8386012052185334e-49,-1.7323735205960905e-19,-4.1729977041377202e-39,-2.7231900996642829e-18,-1.2966953233971956e-33,-6.1747247071399219e-19,-3.2997063397921882e-35,-2.3875916569797655e-21,-4.9840938863985580e-29,-1.6560913792886806e-33,-7.1954605761101695e-31,-6.1371644123568088e-17,-7.3169174065137226e-20,-1.9425043106907472e-37,-1.0977775933112641e-18,-2.3639406990808266e-19,-7.0286695646092570e-22,-3.9232854914709729e-21,-1.0502248581552995e-48,-3.0698389839362619e-22,-1.8316270398266609e-30,-4.3567667043341617e-52,-6.1688079199941471e-17,-7.7113835296987081e-30,-3.7648679695802640e-22,-1.1750669307224915e-29,-7.0887125613872115e-05,-0.0000000000000000e+00,-5.0232342801291258e-32,-4.7640595143052295e-24,-4.3767680497634138e-32,-9.3386611977503051e-22,-7.0072145899757743e+00,-0.0000000000000000e+00,-0.0000000000000000e+00,-0.0000000000000000e+00,
1.0000000000000000e+30,1.0000000000000000e+30,-4.7092007292405553e-05,-8.7797869903326517e-06,-1.6248835786889452e-28,-5.9842849070439025e-15,-1.0182573811912121e-05,-3.5165627485876373e-18,-3.5714037337216069e-09,-1.6421450401901077e-12,-2.3218010966992770e-12,-1.8606410716562188e-45,-1.8796058425268869e-48,-9.3958098982648037e-34,-3.5157933263290083e-35,-3.0210969435881496e-14,-1.7833609589068544e-06,-2.1701295971816756e-10,-2.7844407735229477e-12,-4.0666401492815746e-32,-1.4718933102867387e-13,-9.5110081249795508e-35,-2.8962178179769147e-24,-1.1332191761301801e-14,-2.9177561411216676e-47,-1.3979993948316718e-15,-1.5879191239570433e-37,-3.1316393884893877e-14,-5.5186244630528675e-32,-1.5779053099468027e-14,-1.2249312594967996e-33,-1.5970671760565666e-16,-1.2658295869378558e-28,-2.9272957079221864e-30,-1.0129326672624244e-29,-4.8909187693069380e-15,-6.4541592470146157e-17,-4.9665144354580312e-37,-1.5539554443400472e-15,-1.3015408856754352e-15,-1.0524155480885235e-17,-5.9551522804017574e-18,-2.1296707602772054e-47,-5.7148573852018498e-18,-1.9140885404420409e-29,-2.7898629501377529e-48,-8.1175928753662024e-20,-1.2216519921784933e-28,-5.6139459118901900e-18,-2.4950215594156588e-28,-3.3516225905749764e-05,-0.0000000000000000e+00,-1.1455369546732272e-31,-2.1790295712928652e-18,-1.6547919988301556e-30,-6.8458477781342309e-17,-2.9459737561410293e+01,-0.0000000000000000e+00,-0.0000000000000000e+00,-0.0000000000000000e+00,
1.0000000000000000e+30,1.0000000000000000e+30,-2.6216706230350724e-05,-1.0953765493445661e-05,-1.6981962031579362e-27,-1.2162530746627341e-14,-4.4601716764347543e-06,-5.0337382520505384e-17,-1.0643594586331404e-08,-5.4162524593684972e-12,-7.7281976480632733e-12,-2.4222250181805157e-45,-3.0074538795581813e-47,-9.0240852971218080e-34,-3.2536364388755822e-35,-8.9609678696639182e-14,-4.5980160651160062e-07,-7.1738772227810754e-10,-1.4120989331672193e-11,-4.0785231489737707e-32,-7.6400795923143441e-13,-9.5806506173887000e-35,-2.9203209112894294e-24,-6.0785600341082790e-14,-5.1538092788984570e-47,-6.4335548374794014e-15,-2.7518899563113586e-37,-1.5392380882147460e-13,-5.6420032579249217e-32,-9.0242688706548127e-14,-1.2195202198773912e-33,-1.1088628651584560e-15,-1.9276331076297093e-23,-9.5825674999732925e-29,-7.7434604071672246e-30,-9.6761711141405536e-15,-1.9937595242038319e-16,-1.9972413042209641e-37,-5.1930149674987921e-15,-5.5810059599697411e-15,-5.5854600671221611e-17,-7.0007462020830642e-17,-2.1042859240816203e-47,-7.5287870288436144e-17,-9.8801638412554383e-25,-1.8605054144227516e-47,-3.6151564803158487e-22,-4.4999997428080042e-24,-4.6495810942717982e-17,-1.1391900275747418e-23,-1.2654832737268862e-05,-0.0000000000000000e+00,-1.1585148989503508e-26,-6.3583761824943956e-17,-1.6566470233520925e-30,-4.8593375753815849e-16,-3.1305751763284206e+01,-0.0000000000000000e+00,-0.0000000000000000e+00,-0.0000000000000000e+00,

32,60
1.0000000000000000e+30,1.0000000000000000e+30,6.8977038186117531e-05,-1.3072200384149572e-06,8.0173941650261209e-29,-1.0937692329205275e-16,1.6827839677269196e-05,8.0159241709761250e-21,-1.5172411144599718e-11,-4.8171389061755031e-15,-6.5893059218304300e-15,1.6472665867759057e-46,1.9151831379171766e-48,2.1512148340601759e-34,7.8297369495786771e-36,-1.3028703541251389e-16,3.2506115507646705e-06,-6.3140653501055062e-13,-1.8042443239369243e-15,1.4133518941363910e-32,-3.0786796698095260e-18,2.6691753008865138e-35,1.0479260764244541e-24,7.9532693017195882e-20,6.1276654727648954e-48,7.7112230651048996e-20,3.2955646194390857e-38,-5.8954128494232312e-20,1.8324866360842586e-32,1.6294082763978175e-20,4.5036837451345704e-34,3.4639059621053303e-21,2.9852475284678565e-22,1.0720154262415560e-26,4.4855530935490786e-30,-9.8982557200116589e-17,1.3275098024340050e-19,2.2766207784357354e-37,3.1784829936395842e-20,1.5038284894424002e-20,1.6005800205117387e-20,2.6903054887708500e-21,1.8031922824176367e-47,1.1906099407450444e-20,1.0031994261598349e-23,9.6682628996791198e-49,2.2876188095233664e-21,4.1307597371390249e-23,3.1093529184960388e-21,1.0311524786481543e-22,5.7284131327328680e-05,-0.0000000000000000e+00,3.4106776476366799e-25,3.1863366158369162e-21,6.0492867061610871e-31,1.3432214146246310e-19,1.9319761340739205e+01,-0.0000000000000000e+00,-0.0000000000000000e+00,-0.0000000000000000e+00,
1.0000000000000000e+30,1.0000000000000000e+30,-2.4540190471274191e-03,-7.9395571364500046e-09,-2.7117632844048566e-10,-6.1345646004153358e-08,-1.6450687312374868e-04,-1.1226175186934001e-06,-2.1590879362154425e-04,-1.8511566571995143e-09,-1.0493031719716027e-10,1.9895511492570848e-24,2.1381107128580479e-26,1.0984733074542384e-24,3.4767915181017681e-26,4.1007650635162438e-25,1.2419108601598136e-25,-2.2055773819720098e-07,-2.6363969778120389e-04,-3.7608561671028768e-16,-4.3203097044358897e-18,1.9536819121394515e-26,5.5277952865594112e-28,2.7902276180699063e-26,5.1993042782199327e-33,5.2033731201343763e-31,2.1454573711173355e-33,3.6473795529505799e-31,3.2915900312614353e-31,1.4029960356974912e-33,2.1919454172695894e-26,2.1886395623844864e-27,5.5045981213707750e-31,-2.4810031023578281e-14,-2.3086635968247837e-15,-6.0120574160008063e-16,-3.0899464603375594e-15,-1.1677060609772875e-14,-1.7492861475207171e-08,-3.2815577404613764e-11,-5.2791068438214131e-10,-3.7127212951712781e-14,-8.5429444898912976e-22,-9.5848995237232122e-19,1.3279059403966103e-28,3.0539714273477478e-29,-1.8742252948661458e-17,-1.5717270000434549e-18,-1.5235841918997816e-15,-3.3621627862067478e-17,-1.8085309066995237e-03,-0.0000000000000000e+00,6.5584725401228022e-40,1.0353263371124845e-42,5.5034932819160968e-33,5.9185895378197558e-33,4.7044978156918660e+02,-0.0000000000000000e+00,-0.0000000000000000e+00,-0.0000000000000000e+00,
1.0000000000000000e+30,1.0000000000000000e+30,-2.5596166278364311e-03,-6.5307171080163941e-09,-2.0420532991734330e-10,-5.1832177567730838e-08,-1.7161739571114332e-04,-1.0548750046211752e-06,-2.2475148499234709e-04,-1.8258400991912188e-09,-1.0023212964268274e-10,2.2708365604142058e-24,2.1421287827262200e-26,1.1027300042472772e-24,3.4916993445938579e-26,4.0610263167737721e-25,1.0196376680917296e-25,-1.8212415543771357e-07,-2.7500528743118480e-04,-2.2945699474889308e-16,-2.9862765452234582e-18,2.3205820315214314e-26,5.5557946201081906e-28,2.0347265394326724e-26,5.3557214748899909e-33,6.5259441553141045e-31,2.1456365103869286e-33,3.6469994539513045e-31,3.2911210025148984e-31,1.3976716418530017e-33,2.1960451409329056e-26,2.0790455268488024e-27,5.1948974986554827e-31,-2.0470351354519979e-14,-1.6310707392303066e-15,-4.7397838077134519e-16,-2.7250000670043266e-15,-8.4399141221987853e-15,-1.8084902980274997e-08,-3.3812730422972056e-11,-4.7066216507922667e-10,-3.1911310004000235e-14,-5.8002293605374358e-22,-7.6669714293711309e-19,1.9674642728123250e-28,3.0813962335506498e-29,-2.0063221068503405e-17,-1.5819560696685278e-18,-1.4526809501517654e-15,-2.8666559329090720e-17,-1.8865294881820205e-03,-0.0000000000000000e+00,6.5574996827501259e-40,1.0353823362741830e-42,6.2127614903959078e-33,5.9208828623079145e-33,4.7265131390304305e+02,-0.0000000000000000e+00,-0.0000000000000000e+00,-0.0000000000000000e+00,
1.0000000000000000e+30,1.0000000000000000e+30,-2.5666300178633478e-03,-4.0852417680799745e-10,1.0836614901794483e-10,-8.7854799220895684e-09,-1.7224949085126173e-04,-6.4136214568411010e-07,-2.2406480261472073e-04,-1.4472583560153684e-09,-6.8155805280315097e-11,1.7792146377105780e-24,2.1459508738261002e-26,1.0985054378731576e-24,3.4817807971609867e-26,2.4098017320730657e-25,-4.6396806313705355e-26,-4.2238266920527345e-09,-2.7584311480810531e-04,4.4281421576176967e-16,2.9917210285051743e-18,3.5822026211141862e-26,5.4383764719033257e-28,2.4256369753116669e-27,5.6890374808642660e-33,7.4974001641665547e-31,2.1463778826160403e-33,3.6469897647105034e-31,3.2907572127399409e-31,1.3968014909829344e-33,2.1232702627146237e-26,5.1902767739809194e-28,3.0352219521103665e-31,-5.1460782411379868e-16,1.5167193788997063e-15,1.0920631433856925e-16,-7.7746616916566707e-16,5.7139030409609078e-15,-1.7398259397706289e-08,-3.2382236812908148e-11,-1.6469860562947530e-10,-7.4197152434800274e-15,7.3904751780367812e-22,1.7859497198734365e-19,4.3662848496208870e-28,3.1017785167973975e-29,-2.3282871529967456e-17,-1.1879225994756608e-18,-7.9547546528866007e-16,-2.2169457100355791e-18,-1.8924928119057327e-03,-0.0000000000000000e+00,6.5568619401956408e-40,1.0356065638370548e-42,7.0189692031096935e-33,5.9234968808175701e-33,4.9106747173937038e+02,-0.0000000000000000e+00,-0.0000000000000000e+00,-0.0000000000000000e+00,
1.0000000000000000e+30,1.0000000000000000e+30,-2.6015605448936278e-03,2.2364300782903743e-08,1.3195665692941544e-09,1.5300612224422843e-07,-1.7539860175386224e-04,9.1948383531669647e-07,-2.2334682103775094e-04,-6.5736638849630148e-13,5.1644036141028161e-11,2.6044582454273791e-24,2.1328929042589134e-26,9.8206084657376102e-25,3.1389354470183480e-26,-8.5991561716151531e-25,-9.2206728737989546e-25,6.8980113721722747e-07,-2.7989027144570411e-04,3.0536956543254560e-15,2.6062683646070715e-17,6.6669837549315756e-26,1.9753191861455145e-29,-1.0498837364690878e-25,5.8180564816396358e-33,6.0704088185097832e-31,2.1481862410470307e-33,3.6461733807878272e-31,3.2903874189278754e-31,1.3866263504182697e-33,1.1863699585722913e-26,-1.2181426178980741e-26,-8.0807247435333968e-31,7.6472354561412080e-14,1.3700183752268342e-14,2.4140640336769766e-15,7.1310658279911524e-15,6.0550636841240453e-14,-1.4815275301862090e-08,-2.7646687784908281e-11,1.0734918298408851e-09,8.5105639511278889e-14,6.1354077637405019e-21,4.2459847842484683e-18,1.2598762681155262e-27,3.0548286432593604e-29,-4.2842907690985189e-17,1.2330723961662438e-18,2.3762576430584801e-15,1.1184946174795536e-16,-1.9215996333032948e-03,-0.0000000000000000e+00,6.5561890326860431e-40,1.0357428796544023e-42,6.8926898469694898e-33,5.9242731271507229e-33,5.9402487328043208e+02,-0.0000000000000000e+00,-0.0000000000000000e+00,-0.0000000000000000e+00,
1.0000000000000000e+30,1.0000000000000000e+30,-2.7410828863184359e-03,9.5132133708734212e-08,5.2229072633859008e-09,6.7509727624161654e-07,-1.8813012550578101e-04,5.9552680050766610e-06,-2.2334735519380366e-04,4.6798358768145693e-09,4.3561435067031082e-10,1.4741375493185817e-24,1.9948317019542091e-26,3.7096169989563051e-25,1.2703151107145322e-26,-5.5154032413206302e-24,-4.8158150081892011e-24,3.0146931642943773e-06,-2.9552025951340433e-04,1.1629991200971067e-14,1.0222350292278455e-16,1.4541897858912066e-25,-2.7953393214334114e-27,-6.3043713004410049e-25,5.5108576965736516e-33,-1.2739902246348239e-30,2.0636369234861018e-33,3.5401813616668518e-31,3.2217466123007465e-31,1.2939598865345100e-33,-3.3497526234656073e-26,-7.5099088214086624e-26,-6.6032213096046055e-30,3.2706012056425900e-13,5.4211794366260920e-14,1.0205818752573250e-14,3.4495677140914912e-14,2.3937523474970748e-13,-9.7990313051434874e-09,-1.9193094707329899e-11,5.4498921822847902e-09,3.8005222573751861e-13,2.5285081498748707e-20,1.9807503181607649e-17,3.5349471568561830e-27,2.6517591989603753e-29,-1.4076069720463531e-16,1.3588097035096892e-17,1.5374335407320538e-14,5.3615849359250322e-16,-2.0359935193337009e-03,-0.0000000000000000e+00,6.2727640760068793e-40,9.8615941708415630e-43,1.5702587109728956e-33,5.7412315653680378e-33,1.0015524020127486e+03,-0.0000000000000000e+00,-0.0000000000000000e+00,-0.0000000000000000e+00,
1.0000000000000000e+30,1.0000000000000000e+30,-3.1736663969528277e-03,2.9569451254690882e-07,1.6063138229697389e-08,2.1261142105131168e-06,-2.2863998076771974e-04,1.9857132297512216e-05,-2.2603259063058712e-04,1.7452083525063203e-08,1.4970654789198938e-09,1.7436123916509904e-24,2.1456150975238584e-26,-6.3683962019063280e-25,-1.6860246731334075e-26,-1.8053644612173950e-23,-1.5143737209919217e-23,9.7175930521245686e-06,-3.4217619411525124e-04,3.5890309547164476e-14,3.1759895301198499e-16,3.5935834417848390e-25,-7.4145128122738568e-27,-2.0424073526126197e-24,1.1551871855301556e-32,1.7038143130640112e-30,2.0946072729148249e-33,3.5442867526610560e-31,3.2203278304771386e-31,1.4628369027317236e-33,-9.9222102571512035e-26,-2.4338696825621895e-25,-2.5439934300822416e-29,1.0107985820963805e-12,1.7025395061069907e-13,3.2766235886798603e-14,1.1526355263831648e-13,7.3553859025807937e-13,-9.1746964233220367e-09,-1.8235185660131991e-11,1.9037192073055714e-08,1.1680702372747601e-12,8.4625563534851711e-20,7.3553900466856039e-17,9.2612385748135560e-27,2.7629667232178340e-29,-5.1000206580867199e-16,6.6923212374412283e-17,6.0691972448739666e-14,1.8976533396559744e-15,-2.3869791010433516e-03,-0.0000000000000000e+00,6.2694551201461400e-40,9.8363080190549594e-43,2.3970332917354199e-32,5.8283228516271863e-33,2.1213344624266028e+03,-0.0000000000000000e+00,-0.0000000000000000e+00,-0.0000000000000000e+00,
1.0000000000000000e+30,1.0000000000000000e+30,-4.1762544028109867e-03,7.7935304117979706e-07,4.2399144537767746e-08,5.6468113682942402e-06,-3.2683509246234088e-04,5.3113027993182023e-05,-2.3855825877217018e-04,4.7147171157225465e-08,4.0646650142077397e-09,2.0885862577010116e-24,6.5513599527288629e-26,1.6768002674608773e-23,5.2751317404823206e-25,9.1483723758195334e-23,5.1673704715811509e-23,2.6542209147103991e-05,-4.4647894395510868e-04,9.5795398426456528e-14,8.4609935106676497e-16,1.0433930845874127e-24,8.8993797979832774e-26,9.3753794084597158e-24,8.9197501059935034e-32,1.2768508014168816e-28,2.1321723962810060e-33,3.5481394513818793e-31,3.2135672562969394e-31,2.7640309192743710e-33,1.1976438263411767e-24,1.3867987251368286e-24,8.6853936929767762e-29,2.5890540804304133e-12,4.6045668577599399e-13,8.9441438946967590e-14,3.2123587516469012e-13,1.9377136453189836e-12,-2.0421108262101391e-08,-3.6733897357040627e-11,5.6325167612174977e-08,2.9527858831758273e-12,2.4721695303087225e-19,2.4124639605291512e-16,2.1472840538479929e-26,1.9982082575843080e-28,-1.3878901072529313e-15,2.6083656708113768e-16,1.9601527099614322e-13,5.6943430872200774e-15,-3.1975013564666810e-03,-0.0000000000000000e+00,6.2619790204459141e-40,9.7821600442405825e-43,4.3684926489557213e-31,6.7464240769018123e-33,4.1985932302486617e+03,-0.0000000000000000e+00,-0.0000000000000000e+00,-0.0000000000000000e+00,
1.0000000000000000e+30,1.0000000000000000e+30,-5.8231468683440308e-03,1.8263761214354013e-06,9.9843642189325418e-08,1.3298123494998021e-05,-5.0150350622280016e-04,1.2397270971950536e-04,-2.5632742026160393e-04,1.0794200745782541e-07,9.6365345102097656e-09,2.0807841021144900e-24,2.0895803522336095e-25,7.6241633373123858e-23,2.3817001959200868e-24,4.8841553726025093e-22,3.2208179477723065e-22,6.4134600731037810e-05,-6.1801955476836756e-04,2.2829780417403323e-13,2.0024992905955086e-15,2.6536082984930688e-24,4.1638251501884977e-25,5.1744990199135233e-23,3.4058222459582531e-31,5.5386816883500786e-28,5.2032056045418641e-33,8.0350756663990748e-31,3.0432801844776674e-31,2.2289275556658732e-31,5.5569604253963168e-24,7.1960882456242650e-24,7.5638849640140814e-28,5.7789190114326777e-12,1.1102390654131752e-12,2.1622472602031755e-13,7.8679402525001011e-13,4.5498808681246263e-12,-1.4076260979983520e-07,-2.2602458697350288e-10,1.4732166413847747e-07,6.5420634217914848e-12,6.4546426849585338e-19,7.0293780200371769e-16,4.2303025458772521e-26,7.9101548899214811e-28,2.5485810745155951e-15,8.4325290350712167e-16,5.4482450656644270e-13,1.5006069670298088e-14,-4.5338332188560315e-03,-0.0000000000000000e+00,5.8872234524068313e-40,1.0476582047127802e-42,1.7582279843843356e-30,1.6915364459521749e-32,6.5975968373822980e+03,-0.0000000000000000e+00,-0.0000000000000000e+00,-0.0000000000000000e+00,
1.0000000000000000e+30,1.0000000000000000e+30,-7.5567124269446170e-03,3.9298226325761154e-06,2.1619940636009986e-07,2.8705925796615467e-05,-7.2014234596406990e-04,2.6377793517311492e-04,-2.0326426042327483e-04,2.2393150224014296e-07,2.0838808660526970e-08,2.0627502490938579e-24,2.0415525554122759e-24,1.8359600037161309e-22,1.4666179823267827e-23,1.1438629225927111e-21,7.7603561974354243e-22,1.4122424468935679e-04,-8.3610644643905552e-04,5.0033500263335089e-13,4.3476130407426517e-15,6.2068721764814597e-24,1.4505739235080951e-24,1.2149980560754699e-22,7.5970229402668280e-31,1.2759877219508187e-27,2.2535674326199046e-31,7.0013369483618846e-30,7.0113443130519788e-30,2.8912452918817941e-32,1.2558480480177360e-23,1.6780951104571953e-23,2.2582177537841053e-27,1.1776124307438550e-11,2.4573425519692904e-12,4.7772308877749874e-13,1.7512137002018707e-12,9.8231436289029089e-12,-6.1779560784684076e-07,-9.5486584823540078e-10,3.4665084730600685e-07,1.3517343552713393e-11,1.5251113358420922e-18,1.7980685238539925e-15,6.7422983024760523e-26,1.9160193092353076e-27,2.1356996558993232e-14,2.2679881339950878e-15,1.3274685149920591e-12,3.5375242490009731e-14,-5.9531710711047126e-03,-0.0000000000000000e+00,8.3521981490054729e-39,8.8360688671868324e-42,4.6703716127742115e-30,1.2615521671450571e-31,7.9262520695920102e+03,-0.0000000000000000e+00,-0.0000000000000000e+00,-0.0000000000000000e+00,
1.0000000000000000e+30,1.0000000000000000e+30,-8.1690183101259892e-03,7.9770434094345671e-06,4.4245016044999964e-07,5.8408566794550883e-05,-9.1097418601637781e-04,5.2857505713360415e-04,-1.6902808666618974e-04,4.4254298323540079e-07,4.2376204440707994e-08,1.7140127363724947e-24,5.8345292452039062e-24,7.6412064532234504e-22,9.7904579459263919e-23,1.6781064346707206e-21,1.1586584105392840e-21,2.9095108541345432e-04,-1.1082789392463654e-03,1.0385800366804587e-12,8.9305181944037207e-15,4.8138956136018290e-23,1.4482312740831837e-23,1.7845355162226950e-22,1.1629361245713206e-30,1.9653958928876581e-27,1.8602919004693800e-31,5.2267553030191318e-30,5.1883683034985823e-30,9.1214919266377145e-32,1.8289611898883223e-23,2.4800024525841825e-23,4.4792034063408395e-27,2.2908413666295828e-11,5.1344568320432823e-12,9.9207030432857476e-13,3.6402938334629889e-12,2.0059726881683281e-11,-1.8074278387926647e-06,-2.7026820390200077e-09,7.4580456938902283e-07,2.7575344033097019e-11,3.3097037608124714e-18,4.0563266447354279e-15,8.4865790890177955e-26,5.5230409726308908e-27,6.2285248192376255e-14,5.1316920810918221e-15,2.8764005168521995e-12,7.5836492145163567e-14,-6.3144845074969425e-03,-0.0000000000000000e+00,5.6540894820079541e-39,6.3884716157735055e-42,6.0042602411658965e-30,1.0398763963783037e-31,8.0023451292072423e+03,-0.0000000000000000e+00,-0.0000000000000000e+00,-0.0000000000000000e+00,
1.0000000000000000e+30,1.0000000000000000e+30,-7.6981486017375375e-03,1.5612692508959430e-05,8.7640808441568574e-07,1.1455159868107431e-04,-1.0621774165081588e-03,1.0199681200009393e-03,-1.7831413068325475e-04,8.6174922935557205e-07,8.2969769504711322e-08,1.5808666413093042e-24,7.7278230140824401e-24,6.3102199597671058e-22,6.8322216058511323e-23,1.9069713826498041e-21,1.2953065571832991e-21,5.7360047983807689e-04,-1.5204050420741799e-03,2.1006600881665716e-12,1.7829175825458812e-14,2.6759589656991067e-23,7.5264347972473798e-24,1.9991139671379241e-22,2.5216680173090580e-30,4.2514842670905240e-27,4.0641935117354887e-31,1.8503248133422829e-29,1.7772870588491155e-29,9.4669710005454898e-32,2.0438768366641376e-23,2.7699641323215153e-23,3.9488526335885782e-26,4.3769735224614527e-11,1.0399575323825249e-11,1.9827439637550280e-12,7.2189527219650768e-12,3.9687997988672235e-11,-3.8694336278992261e-06,-5.5019424386934577e-09,1.4971271995481651e-06,5.6903074272566593e-11,6.7726457423777949e-18,8.3351500932553289e-15,8.7478950107796379e-26,5.7805919943768622e-27,1.2536246237200424e-13,1.0070009503874610e-14,5.6429928645116116e-12,1.5082008223022844e-13,-5.6748908033865675e-03,-0.0000000000000000e+00,1.4070485729602091e-38,1.4125198802018064e-41,8.1328287202998884e-30,3.3025702900628520e-31,7.7939126470300835e+03,-0.0000000000000000e+00,-0.0000000000000000e+00,-0.0000000000000000e+00,
1.0000000000000000e+30,1.0000000000000000e+30,-7.5379600848623288e-03,3.0012447471424311e-05,1.7184126419054447e-06,2.2057266598783640e-04,-1.2566913417527692e-03,1.9213625888279918e-03,-4.6007747007970057e-04,1.6860999574071581e-06,1.5948488497391910e-07,9.5070972740538616e-25,2.9677792070433170e-23,4.0891872924395111e-21,4.0006539359926338e-22,5.9695578058097477e-21,2.2717437802374579e-21,1.1034462433333341e-03,-2.0686039776951493e-03,4.2666874045107193e-12,3.5483711875592197e-14,2.2300663427855984e-22,5.8586150347542713e-23,1.9303577589912027e-21,3.7380653877923058e-29,6.1158146338314538e-26,3.8416122539878662e-30,6.0972042882144132e-28,3.5672585891834148e-29,1.4916287701150300e-28,4.5931386732480035e-23,5.8633514303241754e-23,9.0844979047514935e-25,8.3067857932014163e-11,2.0991186362150638e-11,3.8956118131823598e-12,1.3886736988995231e-11,7.7770623326075164e-11,-6.4588619569537004e-06,-8.3339350713112037e-09,2.8648292619313413e-06,1.1835013656249082e-10,1.3637317564291483e-17,1.6589725689926395e-14,1.0947039508669841e-25,4.2889115653306184e-26,2.1943191262328056e-13,1.8119000450156344e-14,1.0245593143396369e-11,2.8545565023219379e-13,-5.4577533609156959e-03,-0.0000000000000000e+00,3.6609248566459710e-38,2.9650252901106804e-40,1.4075515179716469e-29,5.4227816947311950e-30,7.5447879277635366e+03,-0.0000000000000000e+00,-0.0000000000000000e+00,-0.0000000000000000e+00,
1.0000000000000000e+30,1.0000000000000000e+30,-6.8163984006018637e-03,5.7753065255094135e-05,3.4223220027152891e-06,4.2489614454327120e-04,-1.5340549937986614e-03,3.5708887040082193e-03,-1.4182245125504700e-03,3.3775136746153666e-06,3.0666080934985583e-07,7.3422605423750120e-25,7.2166679790595134e-22,1.8455721069685146e-19,1.3707985878166116e-20,2.8076025052315939e-16,5.9958220989504234e-18,2.1118231250369149e-03,-2.4603923813593109e-03,9.0447742768693176e-12,7.2614773393800044e-14,1.7737377317838629e-20,4.5941014153072294e-21,5.4906801557583531e-19,6.9887180166580102e-28,1.0340031320966350e-24,1.3685020508037572e-27,1.0716838144183986e-25,2.1601842060039767e-26,1.0453767013922101e-25,1.7271708539121946e-22,2.9114757057461013e-22,1.3857797326680971e-24,1.5796567614513492e-10,4.3640645022010890e-11,7.6923724809530122e-12,2.6264747570123069e-11,1.5480349116819552e-10,-8.9420518769605284e-06,-6.9873723896663316e-09,5.3084818985390961e-06,2.4866849739375372e-10,2.8680913371583973e-17,3.4900959706927678e-14,2.5600671018452560e-25,2.1073201255365290e-24,4.5863245127227218e-13,3.2293085524309510e-14,1.7588148837794850e-11,5.2954184257446249e-13,-5.2987600474008190e-03,-0.0000000000000000e+00,3.4965517001075191e-35,1.0367906182551163e-36,2.8422384531960618e-28,9.5265032547633118e-27,6.9432625398621894e+03,-0.0000000000000000e+00,-0.0000000000000000e+00,-0.0000000000000000e+00,
1.0000000000000000e+30,1.0000000000000000e+30,-4.8481729672964022e-03,1.1376089020790410e-04,7.1582525705772261e-06,8.3738222712891400e-04,-1.8206169360990287e-03,6.6173717634991028e-03,-3.3731077440923851e-03,7.1075581824637061e-06,6.0139319716946680e-07,6.9199841669806651e-25,5.5587643255703897e-22,1.4166174663550985e-19,1.0121542776172427e-20,1.4616137066114352e-17,2.9489535178448932e-16,4.1109075429655419e-03,-2.5938921767443279e-03,2.1135031834030264e-11,1.5959257156684283e-13,1.5288771761629544e-20,4.3440198271067823e-21,3.4413440238529254e-19,-7.3669133894263754e-28,-1.1758447227668453e-24,1.6220764374147229e-27,1.6298721871231050e-25,1.2027786238574201e-26,7.9985440310504499e-26,2.0647079315430748e-22,3.5262291571010246e-22,-1.8091366332878045e-23,3.0581376752847459e-10,9.7336615122402181e-11,1.5614481897399422e-11,4.9170211283692708e-11,3.2355057860894105e-10,-1.1073647347734554e-05,-6.6205507524451476e-10,9.5541470056405355e-06,5.4117775925486364e-10,6.6961495238014012e-17,8.2614688865496448e-14,2.3779528433373836e-25,1.7157961657548317e-24,9.5223846206155783e-13,5.9659827239661996e-14,2.8830076889208658e-11,9.8871623691921571e-13,-4.2754163082081575e-03,-0.0000000000000000e+00,4.0210811830117732e-35,9.3027229199030418e-37,2.4062120403148359e-28,5.9378632329394187e-27,2.4690734875912312e+03,-0.0000000000000000e+00,-0.0000000000000000e+00,-0.0000000000000000e+00,
1.0000000000000000e+30,1.0000000000000000e+30,-3.1309061981267721e-03,2.3589184732660011e-04,1.6454491244613535e-05,1.7372731063900154e-03,-1.8605251309727899e-03,1.2358778733979826e-02,-6.6686022687223456e-03,1.6160355063705371e-05,1.2252874279733308e-06,2.2251224193928274e-25,1.6609201648416825e-24,5.9819739580921160e-22,2.0165194165687120e-23,1.4214623107700764e-17,6.0687507238225300e-18,8.3707953898692049e-03,-3.8124991132842956e-03,5.8894707746328282e-11,4.0074529489823781e-13,2.6120819872426699e-23,6.0821870311322899e-24,5.0599355724049206e-22,1.4055840752758493e-26,-2.6539246368516508e-23,2.3635414395766874e-29,2.9779708571454638e-29,5.8587685036289410e-29,4.1673628177839943e-28,2.6525183332685721e-23,3.3812068048812850e-23,-3.6049647262159677e-22,6.1655391032964859e-10,2.4415221551259744e-10,3.3170460148959345e-11,9.0230599601958963e-11,7.4280044503978550e-10,-1.3409647011436323e-05,5.5063478504512260e-09,1.6410098511536443e-05,1.2715204103993869e-09,1.9265754030552221e-16,2.5087667304076141e-13,-2.0717109607494066e-25,9.6182509074680085e-27,1.1218321564425282e-12,1.2938805756483870e-13,4.5032265587101612e-11,1.9006527580190749e-12,-2.5279436166592006e-03,-0.0000000000000000e+00,6.2276967438243593e-38,2.6269537299502870e-33,2.8315480831357184e-29,7.5211738882376844e-30,-7.3705555641208775e+03,-0.0000000000000000e+00,-0.0000000000000000e+00,-0.0000000000000000e+00,
1.0000000000000000e+30,1.0000000000000000e+30,-3.0255780505470389e-03,5.3594167137902384e-04,4.4376765590862594e-05,3.9533696236338251e-03,-1.3955415018029882e-04,2.3598447875602814e-02,-1.2248192091390830e-02,4.0734807744167397e-05,2.6398199987959802e-06,6.3418526029351753e-24,2.7745427338855304e-20,3.3754684929254570e-16,1.3966995860998054e-19,3.0852878629900030e-17,1.0148143158311860e-17,1.8562812508490300e-02,-9.7728097129406999e-03,2.1897667028130361e-10,1.2548439818843912e-12,3.7202495401420385e-20,5.2933246447627786e-21,4.6098383538595023e-19,4.5060802833012344e-24,5.0944776199195582e-23,-7.6140162371955270e-29,3.1198027121765493e-25,-7.7727830084521987e-30,4.4227735545096597e-24,-4.6104900217042389e-22,8.6616786375987277e-22,6.6674419243076384e-22,1.3336068664678474e-09,7.2209212636781768e-10,7.3921831985313472e-11,1.5508687754926373e-10,1.9982540007948460e-09,-1.7277628306445911e-05,5.5269145532187505e-09,2.5447093545187088e-05,3.3723019165164036e-09,9.1541007824545936e-16,1.3893508517882563e-12,4.9427650459790401e-24,8.0465571341680669e-23,1.4394196705984142e-12,4.5349880337769787e-13,7.0896375292262895e-11,3.9491060011851673e-12,-1.0375439651877372e-03,-0.0000000000000000e+00,-5.8692772210041683e-34,8.8295159978296190e-28,-2.6377707215095565e-28,4.5072854388942269e-31,-1.8997484180872561e+04,-0.0000000000000000e+00,-0.0000000000000000e+00,-0.0000000000000000e+00,
1.0000000000000000e+30,1.0000000000000000e+30,-3.7966349286187918e-03,1.4230996933985115e-03,1.5522631439979337e-04,1.0553262657956872e-02,1.0644053300840062e-02,4.7345163491501766e-02,-2.3351459114070994e-02,1.1821274349488465e-04,6.1328965204973780e-06,-2.3994367869551529e-23,-2.6563025016207092e-21,6.9044420443187198e-17,4.3006345940314030e-19,7.4268184180452594e-17,5.3888625994325709e-16,4.7717541015107133e-02,-2.7301082620653783e-02,1.2741088602058531e-09,5.5485341554110738e-12,6.6672211493978829e-19,1.5585165917896166e-19,2.9204867919120095e-16,2.4496633096131425e-22,3.1574261760594879e-19,-1.5768132061942366e-24,1.9320347267233428e-23,-8.7805113549887639e-25,3.2171706382330987e-19,-6.7527306711256396e-22,3.7172535561795623e-19,2.6448333687953338e-20,3.2178128982740006e-09,2.6104239984838365e-09,1.6662301463209969e-10,2.1699260028342503e-10,6.9488444281564240e-09,-2.5352934992573061e-05,-1.7105018203475690e-08,3.0367488671256423e-05,1.0366829299908080e-08,1.2409735243362368e-14,1.9448236138411215e-11,1.4822998482476415e-22,-1.1481533310748067e-24,6.5614214226199947e-12,3.2536556197669137e-12,1.9140536669222448e-10,1.1683048822965496e-11,3.4212765731567174e-04,-0.0000000000000000e+00,-1.2819431722002105e-28,2.6268519757223480e-22,-4.2335004565391152e-26,1.7972253261719587e-20,-3.9280782995774643e+04,-0.0000000000000000e+00,-0.0000000000000000e+00,-0.0000000000000000e+00,
1.0000000000000000e+30,1.0000000000000000e+30,-7.4613924196195343e-03,4.9101660080138054e-03,8.3249192097661873e-04,3.7138547538119966e-02,8.0136107741268781e-02,1.0409893113557354e-01,-5.1762595462759298e-02,4.2759068589487919e-04,1.7230249421322371e-05,1.9056351372711636e-17,1.6143844127355752e-15,2.1641970789995750e-14,2.6427729850410484e-15,7.9991621370074844e-16,6.6089798019555005e-12,1.5884699618725986e-01,-7.7924169820178801e-02,1.4939664904684897e-08,5.2844498158956772e-11,3.8585255612633410e-16,3.6048424165691114e-16,9.9108598449011683e-16,1.2959165287121290e-18,7.2966260602080784e-16,-5.6968039686569678e-20,7.0318154176942858e-15,-3.9239179022482494e-20,2.9656068649111594e-14,3.3880368942106282e-15,9.3268039484733345e-16,1.5259228429009920e-15,8.8822553146083505e-09,1.2048097267188681e-08,3.5856411915613619e-10,2.1994936989859392e-10,3.6587624506289720e-08,-4.5564801743880154e-05,-1.7283190920432519e-07,3.0051185629134772e-05,3.5430572446233842e-08,9.6817741930141942e-13,1.1433019214331746e-09,4.1079189878962968e-16,1.0083767247696899e-19,7.5141043065069103e-11,7.2405662097678219e-11,3.4366997110579306e-09,1.9465426614910304e-10,3.4302819301723630e-03,-0.0000000000000000e+00,-2.4990456582873073e-23,8.6298130948452454e-17,-1.5254452680917372e-21,4.7522058881126762e-16,-1.2255315299727954e+05,-0.0000000000000000e+00,-0.0000000000000000e+00,-0.0000000000000000e+00,
1.0000000000000000e+30,1.0000000000000000e+30,-2.1076032524791170e-02,2.2339956186850064e-02,8.2666714613356621e-03,1.8709329902982644e-01,9.7905540257216261e-01,1.9417950390970221e-01,-1.5454073009825431e-01,2.3085580173619258e-03,8.0030344478192110e-05,2.4405955658601389e-11,2.9959220249508240e-10,1.1415142742408514e-08,1.0114410578274427e-09,2.4100693347047545e-07,1.4149782279814809e-06,1.3212669626683540e+00,-2.7379209801010884e-01,7.3514649037148243e-07,3.9617969807442641e-07,2.5048527322103532e-09,5.2062307772713626e-10,1.6588861817190388e-08,5.7084747765754315e-12,2.2100773181310929e-09,-2.0730719597928609e-15,1.1042615758001928e-09,1.1074284501416563e-10,3.1431045010428396e-09,2.8069735326442546e-09,4.0663321710708941e-08,1.0698174945979877e-10,9.6916634255028481e-08,2.8746742357210023e-07,9.3011768196484646e-09,8.0790005602155516e-09,3.3033780804419624e-07,-1.0965631122297507e-04,-6.0659435904664835e-07,7.2077498811679086e-06,2.9422444589045834e-07,1.5379536320422488e-09,1.2718451921247901e-06,2.2891781163249392e-10,1.4992908449364374e-12,2.9529559822162649e-08,1.7176668461507462e-08,9.7104748522955047e-07,9.1093727052760846e-08,7.5946771435075888e-02,-0.0000000000000000e+00,1.5974377601995872e-13,3.9417531327424861e-11,4.2716661619826510e-13,6.3498434675726827e-14,-6.2291793667973252e+05,-0.0000000000000000e+00,-0.0000000000000000e+00,-0.0000000000000000e+00,
1.0000000000000000e+30,1.0000000000000000e+30,-1.4079367723369871e-01,1.9823402077637192e-01,1.2899431070592863e-02,2.2692221555581002e-01,5.6756338229643347e+01,1.8461250519084207e-01,-6.5795626434321519e-01,2.0662813459488569e-01,5.7767138462282208e-02,8.6037223147931919e-06,1.8275450572239550e-04,6.8802060694868727e-03,6.1403586321351572e-04,5.2338149958174807e-01,1.5692724481037892e+01,1.1784543748991263e+01,-2.5714882311714953e+00,1.8110958461443363e-02,7.8401960636749535e-01,1.7901104511895316e-03,1.2422342453903374e-02,1.2508036933847724e-01,7.6971500490556180e-06,1.4628649952618634e-02,2.7039399014219018e-03,2.8189370620512649e-01,2.4373708515014633e-02,6.5082646723878645e-01,2.8214414491574470e-03,9.9349982465080464e-02,8.8484456894888841e-05,2.0509085838205505e-06,5.1320525901901952e-07,8.6429193192353737e-07,1.2985241673822599e-06,4.5704295813360346e-07,-1.9827629089170739e-04,3.2309673967199719e-04,-3.1955532903564431e-05,4.8867599458562326e-07,6.3602232673908383e-08,1.3035367776077664e-04,1.1334783033257296e-07,2.2147491221828116e-06,1.3347769444714201e-05,3.9813732317624529e-07,7.2755143675011684e-05,3.7723741970043995e-06,7.9965073371379702e-01,-0.0000000000000000e+00,1.6106751689673359e-04,1.9157546431075659e-02,1.5119741727027405e-03,6.1690491944619411e-02,6.1282512101383910e+07,-0.0000000000000000e+00,-0.0000000000000000e+00,-0.0000000000000000e+00,
1.0000000000000000e+30,1.0000000000000000e+30,-1.7925045143062173e-03,-7.3105502890178468e-03,2.4528564518002798e-10,-1.7021010087653276e-09,1.5004755378110884e+01,-8.7929762079412346e-12,-2.0276065461263351e-03,-1.5337490325950040e-06,-2.1835594720612901e-06,6.5640830674582792e-14,3.0587922508706578e-08,1.1988682351503503e-09,8.0620861738652203e-12,-1.9078300594764725e-08,5.8933730601905960e+00,-1.9795297455603867e-04,-1.3193394482792015e-05,1.9802878445846153e-10,-7.5168692884206346e-07,2.8841771599373105e-21,-1.4062653346460839e-11,-6.4246713917094362e-08,8.9584996390447834e-08,-4.7240935754592667e-09,5.7660240205872200e-15,-1.3308563363124590e-07,1.1360162717125065e-20,-1.0945077915069851e-07,4.0672297622365479e-09,-1.9642225921682176e-09,-3.8545983214161236e-13,1.8868201765943818e-13,9.8470845444586720e-23,-2.7221175897915011e-10,-4.2172620715063178e-11,2.6378227189059536e-17,-1.5527126700218804e-09,-3.3876477184842136e-09,-5.1790687110850621e-11,-5.1540087167699684e-12,3.4290001545133504e-11,-3.0049584804112311e-11,-7.8730897924496809e-15,6.8750508275821847e-08,-2.7360178338407592e-12,-2.8329881048276571e-14,-2.5610871372640415e-11,-7.3365243474666466e-14,4.5835225143120439e-03,-0.0000000000000000e+00,-1.0216081649287128e-15,-3.5679150311896593e-11,8.5757983471443255e-21,-9.1660701760296900e-10,5.3088041532102209e+06,-0.0000000000000000e+00,-0.0000000000000000e+00,-0.0000000000000000e+00,
1.0000000000000000e+30,1.0000000000000000e+30,1.3700299699883792e-03,-5.1953338613013652e-04,6.3966168031661627e-17,-1.9613998044954584e-12,1.8339964436009382e-03,-1.1597641922191298e-15,-1.9632680742660259e-06,-1.0666163543127965e-09,-1.5310074141364233e-09,2.3847969961680612e-29,3.6655900958086063e-26,8.5545757434846643e-24,3.3459339072749291e-25,-1.6136453703564567e-11,9.5973986105613029e-04,-1.4150872344216798e-07,-3.5532809825776492e-09,1.6918341142118682e-22,-1.9454620781255966e-10,6.9328021910988830e-25,-2.3830021528427347e-17,-1.5736830390736809e-11,3.4974033034375073e-31,-1.5378856108847042e-12,4.9803929368154629e-27,-3.8108177072385334e-11,1.6777073011057540e-21,-2.4085537161637357e-11,3.3098578344609330e-24,-3.2418953262836466e-13,-6.8872657355948538e-17,7.0493181887007704e-20,1.6033540440545090e-22,-1.2719402842476198e-12,-3.7356662018811278e-14,1.0897345783487189e-32,-1.0312430550760359e-12,-1.2833388984933895e-12,-1.3536466720703110e-14,-3.5438037033125147e-15,2.9602088284878388e-35,-7.4519509957065580e-15,7.3962316295402418e-21,2.0529609760831302e-27,-7.2701776494056065e-16,2.9032466001967485e-22,-6.8216929969559783e-15,-9.4408714929239805e-18,4.6853424306991798e-03,-0.0000000000000000e+00,1.8491741095398742e-21,-3.7966177518793485e-15,5.5228713454228690e-21,-1.4293796633371585e-13,-2.1780356284580193e+02,-0.0000000000000000e+00,-0.0000000000000000e+00,-0.0000000000000000e+00,
1.0000000000000000e+30,1.0000000000000000e+30,1.0018213505166968e-03,-6.3610004094300903e-05,7.9703676700960046e-25,-8.1587657095167026e-14,3.2485248685487633e-04,-4.7953625315889885e-17,-7.3809383106378983e-08,-3.8229713840412784e-11,-5.4640662424552723e-11,8.4749625938660965e-42,6.0280983026645881e-45,2.0121136446836341e-29,6.0294017321612679e-31,-6.1813469454323884e-13,6.3288205023881439e-05,-5.0658329091943046e-09,-1.0847938651746282e-10,1.1828435047482248e-27,-5.8968322467652986e-12,2.9102340179200959e-30,1.9395206202397227e-20,-4.7228882646879865e-13,7.8748939514345692e-43,-4.8450299623460320e-14,4.5521511740930270e-33,-1.1750300566743991e-12,3.5625161972636993e-27,-7.1030679934560007e-13,3.2962333054667792e-29,-9.0669431871209914e-15,7.2210716302087350e-20,6.2844314238679488e-22,1.0567791261423197e-25,-6.3276054398405731e-14,-1.3827816236070896e-15,1.6970442597732407e-33,-3.6739642738995933e-14,-4.1429603535938425e-14,-4.1125653840580035e-16,-1.2638839690337896e-16,5.7272264809817467e-43,-2.2400564822322616e-16,7.7399746028168139e-22,4.2160797270362373e-44,-2.2142090501059783e-17,4.5162478559429446e-22,-2.0776183165336907e-16,7.7697646613039217e-22,1.0981198289572447e-03,-0.0000000000000000e+00,1.0355758585834692e-21,-9.7613137761910695e-17,4.7110809156071234e-26,-3.9781791730266278e-15,2.0618219277821481e+01,-0.0000000000000000e+00,-0.0000000000000000e+00,-0.0000000000000000e+00,
1.0000000000000000e+30,1.0000000000000000e+30,2.3530891526865412e-04,-7.7934596503725361e-06,6.5952108706442001e-27,-3.0720786235437248e-15,6.4682496719870031e-05,-1.8043945325893788e-18,-1.2453789198339948e-09,-5.1711658970257161e-13,-7.2445742177617196e-13,3.4385754077716032e-44,2.3776123109375341e-46,5.4065058528883579e-32,1.8412059259045569e-33,-1.0548965403996606e-14,1.2451167319404988e-05,-6.8182983569547443e-11,-5.6997365537033253e-13,2.6612215285870691e-30,-2.9446094362397285e-14,6.3873269473624222e-33,1.7853625609639298e-22,-2.1948700226328167e-15,1.8346958817163013e-45,-3.1518363984214076e-16,1.0264840482054811e-35,-6.6119582001452780e-15,8.4185003467408939e-30,-2.8696267330382219e-15,7.7157414407201550e-32,-2.4077043291395519e-17,4.6625074333593718e-22,1.5943864425223008e-24,4.7364774413104325e-28,-2.5721560635825454e-15,-2.1783253171377074e-17,1.9913668177811764e-35,-4.8296735046452451e-16,-3.1491961831688713e-16,-2.0877289012513978e-18,-1.6722267699780749e-18,3.3454495919270072e-45,-1.0533199696322920e-18,7.3217863815660363e-22,1.4238195847288459e-46,-1.1437850045820206e-19,7.7298438461903909e-22,-1.0732278280863671e-18,4.0455025392069893e-22,2.1813300665751711e-04,-0.0000000000000000e+00,-4.2129913513571835e-24,-1.1626878414330928e-19,1.0716119994912989e-28,-1.0126252262299715e-17,6.3521071715513244e+01,-0.0000000000000000e+00,-0.0000000000000000e+00,-0.0000000000000000e+00,
1.0000000000000000e+30,1.0000000000000000e+30,1.0079546301462864e-05,-3.7618569800513566e-07,1.1933698106026921e-28,-5.1135056523351724e-18,3.8341545216535877e-06,-3.0031557876440718e-21,-1.6228303997338244e-13,-3.4973734112552754e-17,-4.6204861615223226e-17,1.8484105772381218e-46,2.0438886198484069e-50,2.8955563135362101e-34,1.1652710957184232e-35,-1.5012608272400677e-18,7.0328784462780902e-07,-4.5448189342416110e-15,-2.7137262581508247e-18,9.6508992585583681e-33,-1.2277219367227829e-19,2.1936758783666099e-35,6.6106528752631899e-25,-7.6111688905151841e-21,7.2644739282704600e-48,-2.6600247051162238e-21,3.7997082774651174e-38,-3.7733054649592094e-20,8.3051543834433339e-33,-7.0881351283881214e-21,3.0598474715506939e-34,-2.5121564416254779e-23,8.7482205205524996e-22,5.3698248829680777e-27,4.8725423955260553e-30,-5.1188031230671832e-18,-2.5453962225359827e-21,3.5909890797426657e-37,-3.0042389657207943e-20,-4.0841652197027899e-21,-9.0851438265629715e-24,-1.0601309425234355e-22,9.4448404344997184e-47,-3.7632963613936892e-24,-9.8343460969427385e-24,3.3923316748910299e-50,-5.2087476504823172e-25,-4.1245580892328156e-23,-4.9011357725376682e-24,1.2004000385182108e-22,1.2760436596259694e-05,-0.0000000000000000e+00,-1.0044746104124606e-25,-7.9518186748380148e-26,3.9837365478346027e-31,-9.6830480555742598e-24,6.3439790683332831e+01,-0.0000000000000000e+00,-0.0000000000000000e+00,-0.0000000000000000e+00,
1.0000000000000000e+30,1.0000000000000000e+30,-2.1082763819005034e-07,-4.5042423071217087e-09,-1.1604970642413233e-31,-2.3912481774980005e-22,-4.6182224711088793e-08,-1.8904169999189505e-25,-1.3773332680832179e-17,-6.7050652588889296e-21,-9.5263474003213562e-21,7.0980577539793449e-47,3.4972893508193878e-52,1.0337758706331145e-41,3.4052104954585813e-43,-1.2004540129007323e-22,-8.0955728232190438e-09,-8.8659786836976395e-19,-1.5291595331166181e-20,4.3787130145961281e-40,-8.2220999998923008e-22,1.0599603957621907e-42,5.2793945315225350e-32,-6.4850282865956328e-23,1.3363177770636017e-55,-7.1552457442665688e-24,7.4852007153434509e-46,-1.6810971016905796e-22,-5.0877432751514434e-39,-9.4704230785979757e-23,1.8104568542054912e-41,-1.1095552039807080e-24,-1.3089826000661485e-26,1.0036325200892990e-27,-5.2810078383459923e-36,-3.0950409111498237e-22,-1.8296170767633468e-24,-3.5340693229776757e-40,-6.3943339343985046e-24,-6.3345530689247248e-24,-5.7544620067103172e-26,-2.2022166319717373e-26,-5.3252524738044507e-51,-3.0835582857097936e-26,-1.6759775631345978e-27,1.5422204835990362e-52,-3.1098201460608365e-27,-9.5670417616990595e-27,-2.9183255335435212e-26,-2.4998488349725625e-26,-1.5204559833392750e-07,-0.0000000000000000e+00,-2.0932096000988012e-30,-1.0247752863462958e-26,7.4299249639098530e-39,-4.8274397021038260e-25,5.0505188264651224e+01,-0.0000000000000000e+00,-0.0000000000000000e+00,-0.0000000000000000e+00,
1.0000000000000000e+30,1.0000000000000000e+30,-1.7030816384375199e-07,-1.1461891486788725e-10,-9.4099452281531873e-33,-1.5146499158792749e-23,-3.8050673722977990e-08,-1.0373239236401939e-26,-1.1246295909482680e-17,-5.5119604713964625e-21,-7.8388161518725678e-21,6.7110054639705974e-47,3.3592929135432965e-52,5.4256833056114221e-41,2.0576513444328214e-42,-9.5308202416539594e-23,-6.6763955475224179e-09,-7.2942951301685396e-19,-1.2582962526999315e-20,1.9533370974695477e-39,-6.7652316801301362e-22,4.6227256857120989e-42,4.5465967548331373e-32,-5.3356332957853304e-23,1.4252902676109472e-54,-5.8891856211450653e-24,7.6313789037304957e-45,-1.3833957872021426e-22,1.3687682249925496e-39,-7.7907902999627126e-23,6.7833015801967128e-41,-9.1245553347211828e-25,1.5179365813946865e-29,7.0640809240930566e-34,7.6304815301928063e-38,-1.2451553091331467e-23,-2.4362050831526340e-25,-3.1369191260792930e-41,-5.2596684558028758e-24,-5.2147403620602104e-24,-4.7348987682760193e-26,-1.8121074846739502e-26,2.4848924598811290e-53,-2.5370275157413058e-26,4.6102509503838080e-31,1.9354088682537400e-52,-2.5588838113445628e-27,1.8263537969058734e-30,-2.4010688987297194e-26,4.5349996962806244e-30,-1.2531198301246604e-07,-0.0000000000000000e+00,1.8375586894161157e-32,-8.4232050750544813e-27,6.7462945075836624e-38,-3.9697845792693022e-25,3.5376605083001778e+01,-0.0000000000000000e+00,-0.0000000000000000e+00,-0.0000000000000000e+00,
1.0000000000000000e+30,1.0000000000000000e+30,1.2956761245932851e-06,-3.1966403004213211e-10,-4.6153007730519453e-32,-1.4347777492256475e-23,2.9988803107450224e-07,-1.2571026229501585e-26,6.2693698836013216e-17,4.0793007150937203e-20,5.8619086352833660e-20,5.2993117292489415e-47,3.5213029608467315e-52,4.4836341514688331e-41,1.6854464669702012e-42,3.1208668613320787e-22,5.2718003573648531e-08,5.4221446814780880e-18,9.8893117691444064e-20,1.4626238211261159e-39,5.3165832910003745e-21,3.4758626162072154e-42,8.9880623367333416e-32,4.1925738441200843e-22,1.0508621619240868e-54,4.6295997041246139e-23,5.5805062968032532e-45,1.0873870723934705e-21,5.4970319472774330e-40,6.1201554660276267e-22,5.8808671945027798e-41,7.1627799822090117e-24,2.9884835520939496e-29,3.6668032793087074e-33,-1.3275651822350335e-36,-1.2226727733343479e-23,-3.0928894162903498e-25,-1.4162320878497551e-40,3.9454600840716914e-23,4.0981817064297326e-23,3.7211662827483539e-25,1.3554586615037994e-25,1.1409370128835993e-51,1.9935649929154699e-25,1.0268839665113234e-30,1.7482919515899107e-52,3.6145341621118165e-27,4.2379705863673611e-30,1.8864676398267414e-25,1.1040000533705507e-29,9.8818231375474852e-07,-0.0000000000000000e+00,3.2326513712959793e-32,6.6052626245021453e-26,4.4831771960694038e-38,3.1160506498015507e-24,2.4219969636760652e+01,-0.0000000000000000e+00,-0.0000000000000000e+00,-0.0000000000000000e+00,
1.0000000000000000e+30,1.0000000000000000e+30,3.6826165180290503e-05,-5.1613279866625938e-08,-4.3570210239583389e-30,-1.6847909798571319e-20,8.5680612604832618e-06,-1.0444122004669517e-23,6.2842074358389915e-17,5.7366974769630661e-20,8.5566480211874797e-20,5.3356270118628021e-47,5.7894628690957565e-52,-1.5420699534255994e-38,-5.8684974887551930e-40,3.4347447547582041e-22,1.5066252412321290e-06,7.6965157419902841e-18,6.1869609800902185e-19,-6.0399717654306881e-37,3.4915894799427513e-20,-1.4096510582858850e-39,-8.2140406349322139e-32,2.9595026514597591e-21,-4.4663498783666637e-52,2.2674506332679534e-22,-2.3852700395778534e-42,6.2566200209837438e-21,-6.6588176825951506e-37,4.9283922351121011e-21,-1.8475780325626284e-38,8.1486646762988044e-23,3.9291776516818126e-29,3.1609894926132193e-33,-6.2688059959050417e-34,-2.0703935674112214e-20,-2.4189138915189310e-23,-1.3182735953898087e-38,5.8744098866117264e-23,1.6373014547552138e-22,2.3877537413179552e-24,1.9803952432145069e-25,2.9515433065925278e-51,1.3945582893816415e-24,1.3763285520819529e-30,7.0221681558561735e-52,-4.2503420165054823e-25,5.7111903580574371e-30,1.1958800785423834e-24,2.8389825232670912e-29,2.8234821702888269e-05,-0.0000000000000000e+00,4.1518023336662581e-32,1.1905359539659180e-24,-2.4432662145926943e-35,3.6228739443276236e-23,1.7574369703652337e+01,-0.0000000000000000e+00,-0.0000000000000000e+00,-0.0000000000000000e+00,
1.0000000000000000e+30,1.0000000000000000e+30,1.4933280585223830e-04,-1.6098296004956047e-06,-6.8191045197123058e-29,-7.9453402006589610e-17,3.5096085621022510e-05,-4.6655529094915981e-20,-6.3390470079714103e-12,-1.7131225152175332e-15,-2.3089735208369123e-15,1.9790421160194044e-45,2.6944955501166760e-48,-3.5964903026490444e-35,-1.4126154524083163e-36,-5.6398568487841357e-17,6.3457298443703181e-06,-2.2372832397430224e-13,-3.0439456765967547e-16,-1.2793422204622682e-33,-1.4243302517073127e-17,-2.9710368321204850e-36,-1.8569067655559496e-26,-9.2271791767929479e-19,-9.3377334334423503e-49,-2.5453491317769869e-19,-4.9680625966649723e-39,-4.0335759245918547e-18,-1.5469715520300259e-33,-9.1585432170029748e-19,-3.9304233714980531e-35,-3.2725455849215146e-21,5.6596047123887139e-29,1.7599188513927321e-33,-8.5102885286565856e-31,-7.4722564652137674e-17,-9.8647933569718166e-20,-2.0720581233300702e-37,-1.5140338418590189e-18,-3.4337421270306614e-19,-1.0449565190656378e-21,-5.4108303158879477e-21,-1.1865089214304678e-48,-4.5709251289220765e-22,1.9062435746213594e-30,2.5011188531978915e-48,5.4316358310993622e-21,7.7945539882643479e-30,-5.5971399732720164e-22,7.4835083352584029e-29,1.1667456445429991e-04,-0.0000000000000000e+00,4.6696045505761687e-32,-1.8605841043391491e-24,-5.2103796663936960e-32,-1.2575968396850476e-21,8.3016318967565894e+00,-0.0000000000000000e+00,-0.0000000000000000e+00,-0.0000000000000000e+00,
1.0000000000000000e+30,1.0000000000000000e+30,1.5533248070631069e-04,-8.6351032534344224e-06,1.5671712704085559e-27,-6.4480039338414709e-15,3.6492498606266466e-05,-3.7891317532849659e-18,-3.9908971321521947e-09,-1.8528098643228774e-12,-2.6219329671894743e-12,2.8783575342132054e-45,2.7567192154075205e-47,4.0980399167368231e-33,2.0463821894504821e-34,-3.3743785297839499e-14,6.7542896969863264e-06,-2.4490537266469238e-10,-3.2729401459561007e-12,5.1687563950826646e-32,-1.7339372444913168e-13,1.2217588021769865e-34,3.2362638747183357e-24,-1.3391318503906671e-14,1.8562464242865029e-46,-1.6281492626101504e-15,9.8308799534345727e-37,-3.6701456376918763e-14,8.4472539043463193e-32,-1.8759921372038799e-14,1.5339264809572346e-33,-1.9338336103954965e-16,-6.1649661562381202e-29,1.5524010828461491e-28,1.1883717542970773e-29,-5.2564641047634753e-15,-7.2347682415951424e-17,1.5952594089443295e-36,-1.7554840079291318e-15,-1.5056411130700612e-15,-1.2407993731380393e-17,1.2137613126884820e-19,2.7711729620866323e-47,1.4696476424962147e-19,-2.5160290730553074e-29,2.2610030113639476e-47,3.5463964860539338e-22,-1.6974064927655877e-28,-4.5892223909821370e-20,-3.7676095026344374e-28,1.2227944712339678e-04,-0.0000000000000000e+00,-7.6244669477655382e-33,1.6077105291302401e-20,2.0938748407696450e-30,-8.3050463503191003e-17,2.2470719704870135e+00,-0.0000000000000000e+00,-0.0000000000000000e+00,-0.0000000000000000e+00,

