1
1
1
1
(32 0
((0,0) (7,32) (0,1))
((0,992) (7,1024) (0,1))
((0,960) (7,992) (0,1))
((0,928) (7,960) (0,1))
((0,896) (7,928) (0,1))
((0,864) (7,896) (0,1))
((0,832) (7,864) (0,1))
((0,800) (7,832) (0,1))
((0,768) (7,800) (0,1))
((0,736) (7,768) (0,1))
((0,704) (7,736) (0,1))
((0,672) (7,704) (0,1))
((0,640) (7,672) (0,1))
((0,608) (7,640) (0,1))
((0,576) (7,608) (0,1))
((0,544) (7,576) (0,1))
((0,512) (7,544) (0,1))
((0,480) (7,512) (0,1))
((0,448) (7,480) (0,1))
((0,416) (7,448) (0,1))
((0,384) (7,416) (0,1))
((0,352) (7,384) (0,1))
((0,320) (7,352) (0,1))
((0,288) (7,320) (0,1))
((0,256) (7,288) (0,1))
((0,224) (7,256) (0,1))
((0,192) (7,224) (0,1))
((0,160) (7,192) (0,1))
((0,128) (7,160) (0,1))
((0,96) (7,128) (0,1))
((0,64) (7,96) (0,1))
((0,32) (7,64) (0,1))
)
32
FabOnDisk: UMAC_D_00000 0
FabOnDisk: UMAC_D_00000 2883
FabOnDisk: UMAC_D_00000 5769
FabOnDisk: UMAC_D_00000 8654
FabOnDisk: UMAC_D_00000 11539
FabOnDisk: UMAC_D_00000 14424
FabOnDisk: UMAC_D_00000 17309
FabOnDisk: UMAC_D_00000 20194
FabOnDisk: UMAC_D_00000 23079
FabOnDisk: UMAC_D_00000 25964
FabOnDisk: UMAC_D_00000 28849
FabOnDisk: UMAC_D_00000 31734
FabOnDisk: UMAC_D_00000 34619
FabOnDisk: UMAC_D_00000 37504
FabOnDisk: UMAC_D_00000 40389
FabOnDisk: UMAC_D_00000 43274
FabOnDisk: UMAC_D_00000 46159
FabOnDisk: UMAC_D_00000 49044
FabOnDisk: UMAC_D_00000 51929
FabOnDisk: UMAC_D_00000 54814
FabOnDisk: UMAC_D_00000 57699
FabOnDisk: UMAC_D_00000 60584
FabOnDisk: UMAC_D_00000 63469
FabOnDisk: UMAC_D_00000 66354
FabOnDisk: UMAC_D_00000 69239
FabOnDisk: UMAC_D_00000 72124
FabOnDisk: UMAC_D_00000 75009
FabOnDisk: UMAC_D_00000 77894
FabOnDisk: UMAC_D_00000 80779
FabOnDisk: UMAC_D_00000 83664
FabOnDisk: UMAC_D_00000 86548
FabOnDisk: UMAC_D_00000 89431

32,1
1.7635841744227115e-01,
1.1508607062033620e+00,
1.1508433746554416e+00,
1.1508259731029440e+00,
1.1508083718437891e+00,
1.1507902063703017e+00,
1.1507707836396202e+00,
1.1507493756862841e+00,
1.1507258857661182e+00,
1.1507004459982106e+00,
1.1506703368734936e+00,
1.1506261372408941e+00,
1.1505502509179300e+00,
1.1504134427987960e+00,
1.1501585115362680e+00,
1.1496592239319081e+00,
1.1486165867755733e+00,
1.1461847884982810e+00,
1.1390408973985178e+00,
1.1046846310060738e+00,
3.0997260061565152e-01,
1.7640264583075282e-01,
1.7636207909971871e-01,
1.7635960252178112e-01,
1.7635910623392603e-01,
1.7635889467756571e-01,
1.7635876515173979e-01,
1.7635867688223666e-01,
1.7635861517419443e-01,
1.7635857295198715e-01,
1.7635856172457098e-01,
1.7635850758328681e-01,

32,1
1.7635850844095616e-01,
1.1508779799066073e+00,
1.1508607066687646e+00,
1.1508433755036525e+00,
1.1508259743671754e+00,
1.1508083735095180e+00,
1.1507902084251356e+00,
1.1507707860667531e+00,
1.1507493784646723e+00,
1.1507258888727567e+00,
1.1507004494083051e+00,
1.1506703405619916e+00,
1.1506261411842846e+00,
1.1505502550907687e+00,
1.1504134471755674e+00,
1.1501585160911498e+00,
1.1496592286412171e+00,
1.1486165916355251e+00,
1.1461847936095040e+00,
1.1390409632960727e+00,
1.1046846849206278e+00,
3.0997345961487921e-01,
1.7640264912952650e-01,
1.7636208309749057e-01,
1.7635960630569353e-01,
1.7635910936154753e-01,
1.7635889704159580e-01,
1.7635876681610171e-01,
1.7635867802246691e-01,
1.7635861601380037e-01,
1.7635857369642360e-01,
1.7635856250748508e-01,

