INITIAL GRIDS 
  Level 0   144 grids  147456 cells  100 % of domain
 0: ((0,0) (31,31) (0,0))   32 32 :: 0
 0: ((352,0) (383,31) (0,0))   32 32 :: 1
 0: ((320,0) (351,31) (0,0))   32 32 :: 1
 0: ((288,0) (319,31) (0,0))   32 32 :: 1
 0: ((256,0) (287,31) (0,0))   32 32 :: 1
 0: ((224,0) (255,31) (0,0))   32 32 :: 0
 0: ((192,0) (223,31) (0,0))   32 32 :: 0
 0: ((160,0) (191,31) (0,0))   32 32 :: 0
 0: ((128,0) (159,31) (0,0))   32 32 :: 0
 0: ((96,0) (127,31) (0,0))   32 32 :: 0
 0: ((64,0) (95,31) (0,0))   32 32 :: 0
 0: ((32,0) (63,31) (0,0))   32 32 :: 0
 0: ((0,352) (31,383) (0,0))   32 32 :: 2
 0: ((0,320) (31,351) (0,0))   32 32 :: 2
 0: ((0,288) (31,319) (0,0))   32 32 :: 2
 0: ((0,256) (31,287) (0,0))   32 32 :: 2
 0: ((0,224) (31,255) (0,0))   32 32 :: 1
 0: ((0,192) (31,223) (0,0))   32 32 :: 1
 0: ((0,160) (31,191) (0,0))   32 32 :: 0
 0: ((0,128) (31,159) (0,0))   32 32 :: 0
 0: ((0,96) (31,127) (0,0))   32 32 :: 0
 0: ((0,64) (31,95) (0,0))   32 32 :: 0
 0: ((0,32) (31,63) (0,0))   32 32 :: 0
 0: ((352,352) (383,383) (0,0))   32 32 :: 3
 0: ((352,320) (383,351) (0,0))   32 32 :: 3
 0: ((352,288) (383,319) (0,0))   32 32 :: 3
 0: ((352,256) (383,287) (0,0))   32 32 :: 3
 0: ((352,224) (383,255) (0,0))   32 32 :: 2
 0: ((352,192) (383,223) (0,0))   32 32 :: 2
 0: ((352,160) (383,191) (0,0))   32 32 :: 2
 0: ((352,128) (383,159) (0,0))   32 32 :: 2
 0: ((352,96) (383,127) (0,0))   32 32 :: 2
 0: ((352,64) (383,95) (0,0))   32 32 :: 2
 0: ((352,32) (383,63) (0,0))   32 32 :: 1
 0: ((320,352) (351,383) (0,0))   32 32 :: 3
 0: ((320,320) (351,351) (0,0))   32 32 :: 3
 0: ((320,288) (351,319) (0,0))   32 32 :: 3
 0: ((320,256) (351,287) (0,0))   32 32 :: 3
 0: ((320,224) (351,255) (0,0))   32 32 :: 2
 0: ((320,192) (351,223) (0,0))   32 32 :: 2
 0: ((320,160) (351,191) (0,0))   32 32 :: 2
 0: ((320,128) (351,159) (0,0))   32 32 :: 2
 0: ((320,96) (351,127) (0,0))   32 32 :: 2
 0: ((320,64) (351,95) (0,0))   32 32 :: 2
 0: ((320,32) (351,63) (0,0))   32 32 :: 1
 0: ((288,352) (319,383) (0,0))   32 32 :: 3
 0: ((288,320) (319,351) (0,0))   32 32 :: 3
 0: ((288,288) (319,319) (0,0))   32 32 :: 3
 0: ((288,256) (319,287) (0,0))   32 32 :: 3
 0: ((288,224) (319,255) (0,0))   32 32 :: 2
 0: ((288,192) (319,223) (0,0))   32 32 :: 2
 0: ((288,160) (319,191) (0,0))   32 32 :: 2
 0: ((288,128) (319,159) (0,0))   32 32 :: 2
 0: ((288,96) (319,127) (0,0))   32 32 :: 2
 0: ((288,64) (319,95) (0,0))   32 32 :: 2
 0: ((288,32) (319,63) (0,0))   32 32 :: 1
 0: ((256,352) (287,383) (0,0))   32 32 :: 3
 0: ((256,320) (287,351) (0,0))   32 32 :: 3
 0: ((256,288) (287,319) (0,0))   32 32 :: 3
 0: ((256,256) (287,287) (0,0))   32 32 :: 3
 0: ((256,224) (287,255) (0,0))   32 32 :: 2
 0: ((256,192) (287,223) (0,0))   32 32 :: 2
 0: ((256,160) (287,191) (0,0))   32 32 :: 2
 0: ((256,128) (287,159) (0,0))   32 32 :: 2
 0: ((256,96) (287,127) (0,0))   32 32 :: 2
 0: ((256,64) (287,95) (0,0))   32 32 :: 2
 0: ((256,32) (287,63) (0,0))   32 32 :: 1
 0: ((224,352) (255,383) (0,0))   32 32 :: 3
 0: ((224,320) (255,351) (0,0))   32 32 :: 3
 0: ((224,288) (255,319) (0,0))   32 32 :: 3
 0: ((224,256) (255,287) (0,0))   32 32 :: 3
 0: ((224,224) (255,255) (0,0))   32 32 :: 1
 0: ((224,192) (255,223) (0,0))   32 32 :: 1
 0: ((224,160) (255,191) (0,0))   32 32 :: 1
 0: ((224,128) (255,159) (0,0))   32 32 :: 1
 0: ((224,96) (255,127) (0,0))   32 32 :: 0
 0: ((224,64) (255,95) (0,0))   32 32 :: 0
 0: ((224,32) (255,63) (0,0))   32 32 :: 0
 0: ((192,352) (223,383) (0,0))   32 32 :: 3
 0: ((192,320) (223,351) (0,0))   32 32 :: 3
 0: ((192,288) (223,319) (0,0))   32 32 :: 3
 0: ((192,256) (223,287) (0,0))   32 32 :: 3
 0: ((192,224) (223,255) (0,0))   32 32 :: 1
 0: ((192,192) (223,223) (0,0))   32 32 :: 1
 0: ((192,160) (223,191) (0,0))   32 32 :: 1
 0: ((192,128) (223,159) (0,0))   32 32 :: 1
 0: ((192,96) (223,127) (0,0))   32 32 :: 0
 0: ((192,64) (223,95) (0,0))   32 32 :: 0
 0: ((192,32) (223,63) (0,0))   32 32 :: 0
 0: ((160,352) (191,383) (0,0))   32 32 :: 3
 0: ((160,320) (191,351) (0,0))   32 32 :: 3
 0: ((160,288) (191,319) (0,0))   32 32 :: 3
 0: ((160,256) (191,287) (0,0))   32 32 :: 3
 0: ((160,224) (191,255) (0,0))   32 32 :: 1
 0: ((160,192) (191,223) (0,0))   32 32 :: 1
 0: ((160,160) (191,191) (0,0))   32 32 :: 1
 0: ((160,128) (191,159) (0,0))   32 32 :: 1
 0: ((160,96) (191,127) (0,0))   32 32 :: 0
 0: ((160,64) (191,95) (0,0))   32 32 :: 0
 0: ((160,32) (191,63) (0,0))   32 32 :: 0
 0: ((128,352) (159,383) (0,0))   32 32 :: 3
 0: ((128,320) (159,351) (0,0))   32 32 :: 3
 0: ((128,288) (159,319) (0,0))   32 32 :: 3
 0: ((128,256) (159,287) (0,0))   32 32 :: 3
 0: ((128,224) (159,255) (0,0))   32 32 :: 1
 0: ((128,192) (159,223) (0,0))   32 32 :: 1
 0: ((128,160) (159,191) (0,0))   32 32 :: 1
 0: ((128,128) (159,159) (0,0))   32 32 :: 1
 0: ((128,96) (159,127) (0,0))   32 32 :: 0
 0: ((128,64) (159,95) (0,0))   32 32 :: 0
 0: ((128,32) (159,63) (0,0))   32 32 :: 0
 0: ((96,352) (127,383) (0,0))   32 32 :: 3
 0: ((96,320) (127,351) (0,0))   32 32 :: 3
 0: ((96,288) (127,319) (0,0))   32 32 :: 2
 0: ((96,256) (127,287) (0,0))   32 32 :: 2
 0: ((96,224) (127,255) (0,0))   32 32 :: 1
 0: ((96,192) (127,223) (0,0))   32 32 :: 1
 0: ((96,160) (127,191) (0,0))   32 32 :: 1
 0: ((96,128) (127,159) (0,0))   32 32 :: 1
 0: ((96,96) (127,127) (0,0))   32 32 :: 0
 0: ((96,64) (127,95) (0,0))   32 32 :: 0
 0: ((96,32) (127,63) (0,0))   32 32 :: 0
 0: ((64,352) (95,383) (0,0))   32 32 :: 3
 0: ((64,320) (95,351) (0,0))   32 32 :: 3
 0: ((64,288) (95,319) (0,0))   32 32 :: 2
 0: ((64,256) (95,287) (0,0))   32 32 :: 2
 0: ((64,224) (95,255) (0,0))   32 32 :: 1
 0: ((64,192) (95,223) (0,0))   32 32 :: 1
 0: ((64,160) (95,191) (0,0))   32 32 :: 1
 0: ((64,128) (95,159) (0,0))   32 32 :: 1
 0: ((64,96) (95,127) (0,0))   32 32 :: 0
 0: ((64,64) (95,95) (0,0))   32 32 :: 0
 0: ((64,32) (95,63) (0,0))   32 32 :: 0
 0: ((32,352) (63,383) (0,0))   32 32 :: 2
 0: ((32,320) (63,351) (0,0))   32 32 :: 2
 0: ((32,288) (63,319) (0,0))   32 32 :: 2
 0: ((32,256) (63,287) (0,0))   32 32 :: 2
 0: ((32,224) (63,255) (0,0))   32 32 :: 1
 0: ((32,192) (63,223) (0,0))   32 32 :: 1
 0: ((32,160) (63,191) (0,0))   32 32 :: 0
 0: ((32,128) (63,159) (0,0))   32 32 :: 0
 0: ((32,96) (63,127) (0,0))   32 32 :: 0
 0: ((32,64) (63,95) (0,0))   32 32 :: 0
 0: ((32,32) (63,63) (0,0))   32 32 :: 0

INITIAL GRIDS 
  Level 0   9 grids  36864 cells  100 % of domain
 0: ((0,0) (63,63) (0,0))   64 64 :: 1
 0: ((128,0) (191,63) (0,0))   64 64 :: 3
 0: ((64,0) (127,63) (0,0))   64 64 :: 1
 0: ((0,128) (63,191) (0,0))   64 64 :: 0
 0: ((0,64) (63,127) (0,0))   64 64 :: 2
 0: ((128,128) (191,191) (0,0))   64 64 :: 0
 0: ((128,64) (191,127) (0,0))   64 64 :: 3
 0: ((64,128) (127,191) (0,0))   64 64 :: 0
 0: ((64,64) (127,127) (0,0))   64 64 :: 2

INITIAL GRIDS 
  Level 0   9 grids  147456 cells  100 % of domain
 0: ((0,0) (127,127) (0,0))   128 128 :: 1
 0: ((256,0) (383,127) (0,0))   128 128 :: 3
 0: ((128,0) (255,127) (0,0))   128 128 :: 1
 0: ((0,256) (127,383) (0,0))   128 128 :: 0
 0: ((0,128) (127,255) (0,0))   128 128 :: 2
 0: ((256,256) (383,383) (0,0))   128 128 :: 0
 0: ((256,128) (383,255) (0,0))   128 128 :: 3
 0: ((128,256) (255,383) (0,0))   128 128 :: 0
 0: ((128,128) (255,255) (0,0))   128 128 :: 2

INITIAL GRIDS 
  Level 0   9 grids  147456 cells  100 % of domain
 0: ((0,0) (127,127) (0,0))   128 128 :: 1
 0: ((256,0) (383,127) (0,0))   128 128 :: 3
 0: ((128,0) (255,127) (0,0))   128 128 :: 1
 0: ((0,256) (127,383) (0,0))   128 128 :: 0
 0: ((0,128) (127,255) (0,0))   128 128 :: 2
 0: ((256,256) (383,383) (0,0))   128 128 :: 0
 0: ((256,128) (383,255) (0,0))   128 128 :: 3
 0: ((128,256) (255,383) (0,0))   128 128 :: 0
 0: ((128,128) (255,255) (0,0))   128 128 :: 2

INITIAL GRIDS 
  Level 0   9 grids  147456 cells  100 % of domain
 0: ((0,0) (127,127) (0,0))   128 128 :: 1
 0: ((256,0) (383,127) (0,0))   128 128 :: 3
 0: ((128,0) (255,127) (0,0))   128 128 :: 1
 0: ((0,256) (127,383) (0,0))   128 128 :: 0
 0: ((0,128) (127,255) (0,0))   128 128 :: 2
 0: ((256,256) (383,383) (0,0))   128 128 :: 0
 0: ((256,128) (383,255) (0,0))   128 128 :: 3
 0: ((128,256) (255,383) (0,0))   128 128 :: 0
 0: ((128,128) (255,255) (0,0))   128 128 :: 2

